18;28;-1114
19;23;-1111
23;35;-1084
18;23;-1105
14;23;-1082
17;34;-1086
19;38;-1112
21;28;-1075
18;26;-1131
23;28;-1103
26;21;-1074
22;27;-1111
16;24;-1126
26;30;-1080
18;27;-1127
-50;91;-1134
188;232;-1191
3;71;-1050
102;251;-1204
-62;162;-1200
77;123;-1154
151;-13;-1076
-169;-8;-1170
-13;9;-1098
187;-20;-1154
225;-51;-1083
-272;65;-1094
-267;36;-1029
126;138;-1205
144;77;-1070
-111;-232;-931
-115;-38;-1099
27;117;-1146
165;-68;-1120
-46;49;-1137
-152;-59;-1097
15;19;-1077
-25;148;-1247
39;-140;-1042
27;86;-1264
-149;140;-1136
-231;157;-1196
331;65;-1229
140;-11;-990
-169;-127;-1055
0;173;-1114
5;-70;-1028
131;34;-1122
76;122;-1158
-68;45;-1105
-165;-52;-1016
7;67;-1122
147;98;-1106
38;15;-1068
-46;-23;-1054
24;120;-1203
59;132;-1109
-26;-70;-1006
155;100;-1211
-71;84;-1065
-165;129;-1073
56;29;-1119
164;132;-1148
-51;64;-1110
-67;11;-1140
238;116;-1069
125;213;-1209
-44;19;-1018
-130;-14;-1011
59;88;-1098
161;65;-1121
140;41;-1178
-45;109;-1068
-7;-100;-1045
30;29;-1215
126;70;-1103
232;6;-1146
-88;44;-1006
-109;83;-1092
128;55;-1078
202;-106;-1114
-6;218;-1247
-81;-7;-1058
-76;-86;-1099
195;-6;-1175
78;109;-1075
74;90;-1205
-193;-76;-1007
-101;38;-1119
171;-70;-1120
-31;48;-1163
-80;-2;-1075
-112;-98;-1130
127;46;-1138
116;-70;-1099
-32;-74;-1036
-127;-132;-1117
1;-43;-1146
93;-4;-1149
12;-123;-980
23;20;-1081
-83;76;-1205
46;-90;-1125
58;-67;-1148
43;-36;-1092
-130;80;-1097
65;-58;-1134
115;-126;-1073
-5;-74;-1036
11;-47;-1045
7;38;-1073
-92;-27;-1178
63;-66;-1120
77;33;-1092
-27;-36;-1161
-100;-56;-1009
35;-71;-1106
76;2;-1090
55;31;-1191
-74;-90;-1028
-140;100;-1166
-10;-5;-1127
163;-131;-1088
112;-40;-1117
-101;103;-1044
-68;-164;-1063
35;-119;-1084
152;-12;-1141
20;-7;-1099
-73;-46;-1024
-14;-86;-1085
93;-18;-1151
102;-37;-996
-25;-67;-1079
-107;-125;-1090
-126;-112;-1103
19;-47;-1072
154;-85;-1039
-24;104;-1142
-62;17;-1152
-20;-108;-977
124;-149;-1084
200;-86;-1062
17;56;-1265
-147;-4;-1154
-177;-108;-1060
64;23;-1184
68;-143;-1068
-68;-109;-1047
-121;-96;-1162
14;-42;-1120
151;-71;-1039
33;-86;-1130
-204;-123;-1021
-115;-12;-1235
-93;-159;-1108
-157;-125;-991
98;66;-1199
-21;57;-1175
-69;-57;-1065
-58;-137;-1136
-21;-53;-1141
-70;-346;-916
-41;-111;-1214
-93;139;-1199
-240;16;-1012
88;-132;-1157
48;-35;-1064
228;-231;-981
68;-460;-1063
203;-34;-1063
-112;393;-1158
-279;409;-1275
-210;-18;-1129
-46;-186;-966
162;-89;-1104
120;-158;-1097
-194;-63;-1193
-5;18;-1202
98;-140;-1083
-4;-2;-1094
-29;50;-1121
125;54;-1118
-107;13;-931
20;163;-1097
-47;154;-1139
-10;282;-1184
198;183;-1136
-97;-50;-980
-40;55;-1113
94;161;-1197
162;-10;-1110
137;-5;-1074
130;-21;-1127
-148;-12;-1071
-93;61;-1193
19;-49;-1124
22;-145;-1025
139;15;-1089
155;-17;-1086
-72;69;-1140
-2;3;-1016
228;-33;-1138
208;102;-1100
-48;129;-1208
-117;-229;-990
-83;69;-1209
233;119;-1154
39;-15;-1109
-127;-48;-1002
106;-37;-1101
55;-84;-1004
-72;-82;-1054
-120;-70;-1202
165;-52;-1083
113;-42;-1055
-113;-8;-1131
-82;4;-1177
-94;-130;-1085
144;-150;-1111
34;97;-1173
9;112;-1179
-98;78;-1129
261;-127;-1093
-81;0;-1161
-185;55;-1070
-46;-89;-1096
-114;-81;-1013
27;-34;-990
109;-60;-1087
104;-69;-1098
53;-28;-1205
-138;-90;-1039
-220;8;-1046
115;-65;-1028
-80;-46;-1088
-52;-8;-1095
101;-142;-1077
232;79;-1108
49;-144;-1174
-332;34;-1104
-120;39;-1030
164;-95;-928
-23;-33;-1102
43;25;-1191
-132;47;-1130
31;49;-1197
183;-97;-1066
110;113;-1219
-105;44;-1146
-78;-117;-1084
59;-166;-1012
82;-91;-1007
42;55;-1160
-4;-44;-1147
-44;99;-1155
-131;-162;-1072
114;-6;-1205
174;-86;-1027
17;43;-1151
-199;130;-1148
75;-121;-1080
183;54;-1216
-242;-11;-1079
-184;-174;-1088
159;66;-1091
58;-83;-1141
35;-14;-1075
-157;-6;-1153
249;-28;-1124
198;-88;-1067
-133;-9;-1047
-164;-2;-1202
21;-64;-1051
-72;-43;-1091
28;53;-1092
-82;44;-1106
147;-157;-1133
86;35;-1154
-50;-10;-1031
105;3;-1103
-17;-75;-1149
-166;-145;-982
19;78;-1165
-41;35;-1064
95;-110;-1085
-31;19;-1111
-144;-22;-1078
70;-62;-1062
118;8;-1166
61;102;-1173
-159;-300;-921
188;-26;-1140
169;-10;-1011
197;35;-1143
-16;-30;-1062
-27;138;-1232
35;-148;-995
-48;-156;-965
89;-178;-1019
51;28;-1170
-106;11;-1082
122;-6;-1093
76;-88;-1042
15;-183;-940
-36;-167;-1069
40;34;-1131
-109;-117;-1055
-19;-88;-1185
150;31;-1084
30;-39;-1174
118;-27;-1102
31;-94;-1148
-39;144;-1210
13;-75;-1110
229;29;-1175
158;47;-1104
-44;-7;-1155
-93;-58;-1062
204;-3;-1227
152;-65;-1028
91;135;-1207
-17;42;-1127
-90;-77;-1023
25;-23;-1068
-70;11;-1137
-86;29;-1126
89;-49;-1063
6;-79;-1075
-40;16;-1056
-15;-49;-1104
16;-48;-1110
-118;139;-1243
-23;87;-1082
184;-177;-978
-38;-23;-1038
-124;-39;-1133
34;210;-1148
54;72;-1173
-86;-249;-1098
-133;-175;-982
108;107;-1252
275;-169;-1028
-140;-93;-1016
-112;10;-1092
178;-28;-1159
294;-335;-928
209;-84;-1148
-206;245;-1307
-85;98;-1231
44;-62;-1002
184;-27;-1084
-207;128;-1089
-259;55;-1179
53;-46;-1036
135;70;-1245
100;21;-1135
28;-5;-1003
62;-177;-1078
30;-129;-1035
46;123;-1145
38;-144;-1054
111;-192;-957
-92;-39;-1053
-143;154;-1209
64;38;-1137
283;-91;-1150
-31;115;-1140
-161;56;-1134
205;-95;-1139
92;48;-1160
-170;37;-1083
-64;-87;-1094
85;6;-1128
167;-153;-1072
-55;20;-1118
-119;22;-1066
51;-47;-1147
-65;-67;-1172
-25;59;-1067
-9;-22;-1119
66;-121;-1070
121;-13;-1113
25;-1;-1144
62;-125;-1039
-124;-65;-1080
-45;-27;-1138
56;12;-1081
105;-39;-1079
77;-4;-1130
-205;-35;-1129
-54;-43;-1062
204;29;-1064
-6;-72;-1153
-144;-74;-1075
-24;-47;-1074
55;-201;-1019
54;-58;-1203
-218;-104;-989
15;44;-1078
70;-178;-1068
-20;10;-1231
17;9;-1052
25;10;-1210
-164;-262;-1008
-151;58;-1164
144;-108;-1095
129;-66;-1067
128;-114;-964
-139;89;-1214
-221;-8;-1147
9;-62;-1100
211;35;-1160
161;28;-1155
-84;125;-1236
-183;-139;-1047
-15;-159;-1066
49;-342;-992
-41;-30;-1186
-6;-124;-1038
98;-12;-1143
34;-11;-1072
-6;18;-1100
5;-12;-1093
23;5;-1099
1;-6;-1090
18;-6;-1071
21;14;-1119
7;-14;-1104
4;-17;-1118
