-8;-6;-6
-3;5;-2
-1;-2;-2
-4;0;-4
-5;-8;-1
-2;-8;-2
0;-4;-1
-6;-6;-3
1;-5;4
-5;-11;2
-9;-3;-2
-5;-8;-4
1;4;-2
-4;-4;-3
-9;-5;-1
-54;-7;-112
-85;-18;8
-54;-77;71
-26;-69;-128
110;6;14
113;112;-55
147;-87;54
261;-135;-26
209;-60;4
35;60;-54
-34;-178;35
32;-272;17
165;-97;4
-47;141;-5
59;53;-29
200;43;15
-36;122;-17
-122;62;0
-109;-176;67
-133;-78;-43
-157;-144;-1
-151;-146;-7
-86;-162;22
30;6;-15
-245;43;-21
-167;-11;1
-70;17;-30
-51;174;16
131;-78;9
-51;-115;19
-94;-23;30
37;20;-10
-135;99;44
-113;31;4
7;-71;39
-47;-48;29
-165;82;-33
-23;152;27
-44;81;-5
-146;59;-24
-151;95;57
74;79;77
97;11;38
-117;-17;11
-63;-147;23
68;-39;43
49;143;-50
38;1;40
99;-25;-3
-56;153;-23
-103;163;11
81;-99;-4
148;-185;-4
135;-116;-15
-53;45;2
3;63;8
-52;-97;26
169;-203;11
238;-135;-5
-28;-72;30
55;80;26
71;-51;7
46;-86;24
-10;-26;-2
159;107;-20
-23;4;-3
-50;-64;0
204;-68;-4
66;105;20
29;96;-26
-27;-20;24
105;-95;42
74;-174;-8
43;64;7
120;80;18
-123;-134;29
14;-146;15
49;57;13
72;60;2
57;-65;13
22;-122;46
30;-138;-14
-30;150;-6
-65;185;-10
-7;23;10
-135;-25;35
94;-1;35
152;80;3
-101;25;-9
-158;-150;61
-43;58;-68
154;179;23
103;-51;9
114;-84;7
-12;-79;-22
10;-114;-34
-9;68;34
-108;157;2
22;59;1
34;-184;58
57;-10;-45
-42;33;59
-43;-164;11
-43;-164;11
-96;-188;18
-121;12;-26
123;201;-30
89;180;20
-164;-71;19
30;-176;-5
162;-8;6
50;67;7
-72;-16;34
62;-198;19
52;-90;-15
18;62;7
-47;87;-27
48;-52;44
138;-260;27
89;-92;4
58;-71;9
-98;114;-49
-137;-109;63
-111;-192;-9
80;-19;-37
116;141;3
37;97;51
-34;48;39
-157;-231;13
41;-213;0
18;-15;-29
186;22;-18
108;-47;12
-10;-141;4
29;-70;-42
-23;216;0
-25;29;61
57;-326;-7
13;-311;23
39;-117;-16
-28;-2;-19
-164;83;60
-202;31;44
137;-82;-39
173;-26;30
165;151;-12
133;7;41
-169;-103;4
-344;-120;11
-186;-12;-56
116;260;64
51;326;-30
89;211;17
-105;129;73
27;8;-10
-632;-277;-115
-713;-377;152
-150;-86;-42
500;362;50
242;479;-52
-5;266;161
-62;-76;29
-182;-121;78
7;119;-21
50;67;-7
-108;-86;-9
27;-2;17
-95;11;-11
-103;-92;53
-104;-73;-89
-112;-2;29
-96;21;10
241;-101;76
116;-91;25
-49;176;1
8;290;-54
31;226;23
51;-26;24
149;-268;113
-1;-241;41
61;42;-1
72;193;-20
44;155;20
-42;27;6
-57;30;27
-84;-54;-31
-63;8;-51
-15;109;16
-55;22;-6
289;-231;39
114;-24;-28
-209;180;0
65;174;21
186;20;36
132;-117;41
125;-16;-8
130;-47;15
109;-77;4
-55;-11;30
80;74;8
60;-37;14
1;-168;7
-21;-69;-7
58;44;-2
-277;145;-1
-180;-16;2
-59;-89;6
64;-52;5
156;-2;14
-83;-227;-21
44;-173;38
57;-22;-20
67;257;-59
75;352;25
47;101;3
-250;-170;86
-140;-360;-16
-116;-260;7
0;66;-31
93;66;-17
-79;33;-21
-38;225;4
-40;291;-11
20;-45;57
72;-484;75
-101;-252;-49
-20;192;10
-35;144;-13
-69;-80;9
-57;-70;13
-2;57;11
150;241;-54
-207;139;28
-27;-148;19
233;-109;10
97;8;23
43;106;4
-126;65;18
-49;-112;37
-19;-43;1
64;-29;23
132;151;7
-234;296;-76
-163;10;81
-183;-203;5
69;-82;13
22;193;-6
-17;-115;9
100;-309;37
-50;91;-62
11;215;-57
84;-46;62
13;-75;-4
-3;116;-24
34;171;38
20;-222;36
-86;-384;41
49;-155;-29
-1;143;-47
-65;58;38
38;159;5
164;72;45
50;58;23
-84;-114;-53
-10;-92;29
35;2;-10
34;-37;42
-14;31;23
-102;69;6
91;-14;26
94;-83;14
-62;-73;-33
-20;-11;56
4;65;-30
-78;1;38
163;-64;-28
259;-6;3
-245;159;9
-156;-91;13
-208;-112;25
-97;-190;4
84;-2;2
211;126;-7
161;89;7
-66;78;41
-263;-105;25
-12;37;4
165;129;25
218;-67;60
43;-58;22
-45;-84;35
-60;-75;3
80;-4;-18
-99;115;-62
-160;74;-18
-84;47;-29
-97;18;-17
-151;-202;24
-187;-64;15
-11;60;43
-166;-41;54
-121;-118;73
25;-176;-55
15;83;11
-51;116;48
-89;-85;49
-111;-189;0
154;-127;-33
4;-29;-17
-115;-101;28
-99;-180;-36
-45;-80;-8
100;-9;-38
6;-105;34
0;-124;-27
73;-13;-7
-51;-35;11
-152;-16;14
141;191;-20
88;34;60
-149;-180;82
-98;43;-25
74;175;42
506;-23;45
174;-84;-56
56;138;23
79;306;-25
150;-163;98
-56;-326;39
5;358;-97
167;547;34
-120;107;-33
-512;-311;77
-353;-315;-14
44;195;-73
64;229;-42
-115;-106;87
-11;-211;-13
67;-47;-35
80;293;-45
3;176;-10
97;5;7
203;-46;-19
225;-6;56
-156;-21;-52
-68;-41;-10
125;-16;-15
-134;-140;64
-302;-200;3
-143;76;-22
6;236;-22
-37;70;20
-72;-102;44
67;59;-17
-17;120;3
-21;-276;46
137;-265;44
81;183;-57
85;194;27
-57;-55;-4
-42;-219;38
66;-48;-62
84;59;13
65;-22;43
-60;-43;10
188;100;-47
-23;89;6
-44;-47;-4
53;-133;-16
81;-153;18
-61;-272;33
-189;103;-51
-89;154;7
-31;12;6
60;-232;43
-104;-116;-30
-49;179;-46
-17;163;69
55;-275;59
35;-93;-53
236;90;28
187;9;-26
-26;-105;88
84;-25;-9
31;154;-7
184;70;1
-162;-82;10
54;-114;5
129;-210;24
-201;-76;-39
-163;198;18
43;161;-15
-210;37;-17
-229;11;-3
-129;40;-20
-76;50;-37
-167;201;52
-166;80;0
-128;-169;12
-91;-316;121
192;35;-104
-54;214;61
-8;-7;-59
-101;-110;38
-12;28;-24
-44;30;-10
15;-12;-4
-19;-31;-2
5;11;-8
-4;-8;4
-8;-16;-2
-3;16;-9
-6;0;-6
1;-11;-2
-1;-7;1
