-45;-36;-1142
-55;-22;-1109
-44;-39;-1106
-47;-40;-1096
-39;-41;-1089
-47;-33;-1126
-51;-41;-1143
-54;-36;-1093
-51;-23;-1099
-52;-38;-1108
-44;-44;-1100
-47;-38;-1131
-52;-40;-1085
-83;12;-1096
83;226;-1232
-100;87;-1089
66;33;-1151
-130;218;-1189
-160;134;-1221
-217;124;-1148
47;-22;-1114
190;15;-1092
-124;57;-1178
-183;-14;-1160
208;141;-1189
377;-5;-1122
-128;30;-1156
-335;74;-1186
255;-13;-1022
125;-42;-1070
-156;89;-1181
-145;33;-1161
109;-6;-1080
295;-2;-1094
-88;-7;-1126
-403;0;-1171
71;46;-1143
347;-47;-1137
79;-75;-1099
-337;-5;-1228
93;5;-1089
297;-38;-1125
90;66;-1173
-235;-136;-1104
111;13;-1102
233;20;-1114
-384;13;-1062
-455;-30;-1107
-133;-34;-1129
337;14;-1203
-394;9;-1090
-513;-11;-1085
12;-77;-1238
398;4;-1101
-585;54;-1003
-357;-118;-1168
57;17;-1054
19;-18;-1123
19;-50;-1077
-370;-122;-1096
-192;-7;-991
120;-6;-1106
-122;-85;-1041
-490;37;-1242
-347;-60;-1064
421;-68;-1004
-263;80;-1164
-272;-32;-1215
148;25;-1137
176;-70;-1009
24;99;-1151
-158;-95;-1100
-102;3;-1079
160;50;-1051
-303;-79;-1045
-427;20;-1174
304;79;-1197
390;71;-1177
-167;-65;-1000
-244;20;-1070
-38;-108;-1172
53;130;-1088
-214;-63;-1064
-532;-87;-1024
-72;-185;-1017
198;90;-1210
-596;73;-1170
-234;-38;-1157
165;57;-1163
402;22;-1069
-412;98;-1172
-323;-58;-1066
407;28;-1151
220;198;-1245
23;-240;-1035
-269;45;-1117
135;-52;-1028
154;-4;-1107
-170;-10;-1072
-78;83;-1117
-22;104;-1097
1;-21;-1097
-295;51;-1254
-238;124;-1296
198;-149;-1019
180;-176;-928
-354;-159;-1044
-139;155;-1207
173;-21;-1111
20;-208;-1007
-388;33;-1104
15;17;-1152
143;-40;-984
57;4;-1114
-187;79;-1272
126;-36;-1043
273;61;-1066
-97;48;-1245
-192;-95;-1024
210;-129;-1062
136;-34;-1084
-295;-43;-1101
-203;-15;-1130
56;-22;-1049
181;-121;-1026
-72;-12;-1082
-105;-16;-1049
-185;-79;-987
-3;42;-1220
-31;-121;-1055
-163;-31;-1047
34;37;-1121
178;-117;-1116
-8;18;-1113
-147;-158;-1036
121;43;-1153
131;-52;-1151
-55;-133;-1044
-244;-167;-1009
111;79;-1101
128;145;-1429
123;121;-1205
-42;-120;-927
-8;-13;-1125
228;16;-1147
-117;-26;-1039
-253;-163;-931
236;-155;-979
69;158;-1281
-72;-120;-1107
-166;-22;-1037
10;21;-1033
33;-93;-1011
-72;40;-1197
-100;14;-1085
29;49;-1220
18;-63;-1089
-151;-25;-940
-108;-15;-1101
-30;-142;-1206
91;27;-1128
-156;-33;-1065
-228;29;-1068
-46;12;-1048
193;169;-1236
-178;-39;-1164
-114;-16;-1027
67;60;-1159
-53;-89;-1168
-77;-12;-1107
-162;111;-1156
-21;-11;-1101
-24;20;-1108
-29;54;-1101
-220;-123;-987
-90;-76;-1060
-34;4;-1166
-124;-18;-1108
-26;12;-1013
39;58;-1158
-178;-103;-970
-77;65;-1072
-141;84;-1085
11;25;-1099
109;0;-1253
-187;-11;-1108
-109;-120;-1059
166;70;-1166
55;-118;-1103
-174;-9;-1097
-82;70;-1147
-59;0;-990
43;0;-1112
59;90;-1216
-251;92;-1222
-58;-56;-1043
-23;-14;-1146
-216;-9;-1078
-181;-88;-1139
-5;-50;-1087
-84;83;-1088
-278;101;-1082
92;-167;-1121
-223;10;-1157
-165;-65;-948
-88;-1;-1072
-6;20;-1084
31;34;-1217
-65;-103;-962
-316;-83;-1028
178;58;-1212
116;13;-1226
-34;41;-1020
29;-17;-1088
28;84;-1224
-114;-112;-991
-76;-218;-886
-78;29;-1321
-108;98;-1187
69;-107;-1055
-28;-151;-969
-32;-91;-1047
-156;-22;-1003
106;-8;-1164
-222;5;-993
-83;-56;-1128
106;0;-1238
-117;-106;-959
49;-196;-1018
-71;180;-1208
-37;223;-1384
-111;19;-1056
-79;-84;-963
104;184;-1413
107;26;-1275
-14;124;-976
-72;1;-903
-91;-2;-1185
-12;-36;-1243
-78;-65;-1113
-134;-176;-972
-45;-160;-1071
89;156;-1196
-9;-35;-1044
-292;-22;-1071
-57;25;-1148
157;-61;-1093
6;40;-1134
-361;33;-1087
236;-6;-1196
168;-19;-1139
-274;-20;-997
-159;-112;-999
113;-22;-1143
-261;28;-1087
-37;-130;-968
-104;-188;-968
-165;297;-1311
-124;14;-1115
-250;26;-1180
-119;35;-1123
-29;67;-1229
-50;109;-1270
69;-115;-966
-66;144;-1087
-206;-65;-1087
97;3;-1047
265;-222;-949
-245;48;-1170
-13;75;-1138
130;-49;-1118
-71;-113;-1102
-374;127;-1060
-215;-150;-1086
219;-31;-1145
37;-41;-958
-203;-56;-1135
-62;97;-1302
-324;104;-1230
90;13;-1089
-32;-156;-1053
71;-63;-1121
-42;72;-1109
-89;5;-1187
-67;13;-1055
63;-42;-1092
203;37;-1005
-392;99;-933
296;-149;-924
50;42;-1164
-234;76;-1058
74;-111;-1115
216;65;-1057
-303;152;-1113
88;100;-1036
-93;-278;-929
-29;20;-1106
142;71;-1284
-128;-179;-903
-73;-18;-1023
69;0;-1145
-105;-230;-886
-107;-30;-1280
-111;-142;-907
138;33;-1019
44;132;-1180
-152;-113;-947
-83;17;-1113
-347;150;-1317
-130;-1;-1211
25;-295;-872
-50;10;-1145
2;-18;-1166
144;-14;-1028
-498;-58;-1045
245;38;-1212
341;-18;-1026
-25;3;-1125
-208;-61;-1102
-223;-106;-999
-253;-2;-1176
-269;-63;-1211
-81;-126;-1114
64;73;-1085
14;76;-1137
-28;-217;-1039
-71;36;-1185
188;-37;-1179
325;-39;-1022
-180;102;-1205
105;-104;-1024
279;-83;-1003
-78;98;-1171
-332;-13;-1172
-12;-186;-1123
196;85;-1068
-268;41;-1145
-259;-126;-1200
-42;-1;-1057
140;118;-1155
-30;-157;-1085
-225;26;-1097
-57;-133;-1065
191;59;-1215
-4;-23;-1017
-319;-115;-1086
189;-34;-1117
239;-30;-941
-197;48;-1229
-317;-73;-1152
134;196;-1173
6;-47;-1099
79;24;-1205
40;-57;-1067
235;-52;-1071
291;104;-1189
-36;4;-1177
63;73;-1124
248;-66;-1045
108;51;-1205
-481;-87;-1078
-57;82;-1204
169;-126;-1079
242;-85;-982
-138;-30;-1056
-164;19;-1210
2;-72;-1026
194;92;-1166
-356;-92;-1072
-297;-164;-950
70;136;-1187
-10;-28;-1105
-352;-39;-1087
233;167;-1239
74;-51;-1270
-341;-69;-932
-76;-124;-1081
-61;44;-1132
-76;13;-1127
-66;19;-1178
-260;38;-1142
40;43;-1144
229;111;-1177
-50;-170;-993
-313;-100;-1052
-234;7;-1136
137;99;-1308
-123;-65;-1020
-261;-6;-1082
-2;24;-1228
151;10;-1104
-272;100;-1056
-201;-3;-1142
-2;129;-1191
113;-124;-1109
141;-5;-1064
-276;-217;-955
-39;163;-1193
296;-25;-1106
-166;-3;-1103
-158;-28;-1140
-175;-14;-1038
165;-47;-1012
119;-223;-975
-172;75;-1200
-131;32;-1138
152;-26;-1065
-334;-126;-1057
-246;-146;-1086
216;44;-1164
250;45;-1181
-347;-112;-1036
-305;-111;-1057
6;-6;-1121
32;-141;-1060
-291;26;-1079
-404;66;-1092
76;73;-1160
248;-126;-1121
-252;68;-1063
-249;16;-1057
220;43;-1173
15;47;-1140
-24;22;-1214
120;-105;-1000
134;92;-1181
-404;-34;-1047
128;59;-1129
236;25;-1110
-36;36;-1275
-106;-28;-1095
-135;-7;-1110
-29;125;-1098
58;-143;-1140
45;11;-1120
-172;-61;-1017
113;-24;-1132
-28;-164;-994
-272;-100;-1043
-14;40;-1068
245;55;-1210
-311;-72;-1184
14;-143;-937
174;90;-1193
97;-108;-1107
-50;39;-1169
-153;-39;-998
93;-65;-1108
136;-93;-1181
-167;-95;-1035
78;90;-1062
14;198;-1313
-156;-49;-1138
-233;29;-1077
89;-38;-1233
-36;44;-1166
-18;-208;-933
-77;7;-1203
43;-10;-1295
47;-30;-1163
-168;-93;-980
-176;-17;-1050
51;97;-1229
-156;93;-1186
-261;-66;-960
107;-3;-1122
-300;-33;-1155
-342;-164;-1090
-82;-29;-970
232;-30;-1109
-10;49;-1364
-131;-134;-992
-93;-39;-1118
-38;254;-1336
200;-89;-1094
-136;40;-1058
-71;27;-1062
137;-96;-1140
44;156;-1321
-107;51;-1115
-331;51;-966
132;235;-1234
-90;-79;-1135
-125;-151;-1012
58;-77;-1044
-199;-11;-1221
-23;-16;-1097
-186;-9;-1011
-83;79;-1108
191;-82;-1084
-17;-54;-1172
-5;132;-1077
-140;-139;-933
-79;104;-1332
-56;-113;-1070
3;-158;-818
282;-20;-1141
-83;4;-1237
-121;-11;-1098
148;-14;-1097
-106;15;-1128
-31;46;-1086
8;-132;-1135
-67;-92;-1183
59;39;-1321
-134;-197;-1011
-337;-93;-1020
-10;-54;-999
-26;60;-1217
-60;88;-1200
154;55;-1029
-1;-262;-963
-276;-100;-1144
-64;121;-1139
-4;-94;-914
-103;-104;-1075
-100;12;-1140
-112;7;-1030
-129;-74;-1010
-105;125;-1275
-169;141;-1298
-36;-79;-1055
-33;19;-965
-66;-7;-1314
18;-116;-1023
-10;21;-1026
101;-147;-1085
-144;-10;-1250
-201;368;-1463
209;-147;-945
2;-225;-930
-26;-37;-1172
-319;190;-1280
69;-68;-967
71;-33;-1042
-53;101;-1418
-81;59;-1117
108;-41;-1076
-326;85;-1170
128;37;-1083
22;-42;-1016
-145;-39;-1184
-203;-3;-1225
-64;-39;-1089
-96;18;-1074
-138;56;-1149
76;-86;-1149
-61;54;-1053
108;-63;-1032
122;-63;-1217
-298;56;-1170
78;-14;-1002
56;-168;-1097
-305;-211;-1019
-38;77;-1175
72;-191;-910
-39;-113;-1152
-27;90;-1306
58;2;-1091
54;-52;-1071
-119;-10;-1084
-109;10;-1027
27;-65;-1099
-98;-33;-999
-357;-128;-1091
-337;47;-1234
207;42;-1045
-132;-169;-995
-53;94;-1199
-99;90;-1103
-12;-18;-1159
136;-138;-1021
-69;2;-1109
-243;-1;-1102
99;-149;-970
-37;-50;-1023
-154;11;-1098
-63;9;-1160
103;74;-1103
-90;-52;-1077
-16;25;-1066
-124;-48;-1080
48;4;-1057
107;39;-1198
-10;-144;-1058
-343;55;-1118
246;30;-1184
193;-29;-1100
-314;38;-1018
34;38;-1062
209;-215;-1116
-258;-62;-1079
-24;83;-1131
-29;-130;-1050
-51;-158;-1080
17;-51;-1238
-142;-58;-1096
20;-104;-1078
-116;-87;-1023
-92;-6;-1083
8;2;-1106
-105;-15;-1116
-53;-20;-1133
-76;-30;-1131
-49;-17;-1092
-54;-1;-1105
-50;-17;-1110
-52;-24;-1142
-58;-42;-1094
-107;11;-1113
-79;-35;-1098
-34;-6;-1114
-43;-28;-1139
-65;-22;-1092
