-1;4;-3
-6;-5;0
5;8;-7
-7;-13;0
-16;-15;-2
-3;-5;-6
-5;-8;-6
-5;-11;1
-3;-4;-1
-9;-4;1
-1;-10;-3
-1;-4;-5
1;4;-5
-55;-1;-102
-129;-13;-205
31;-27;-7
-36;52;-26
-84;-112;29
-97;-131;-9
59;-169;-25
-14;4;-4
-87;140;-59
-61;-136;11
-7;20;-55
-268;99;-15
-157;233;-81
18;-77;-33
-21;-197;82
11;181;9
25;73;0
-51;-130;65
60;-177;46
81;124;6
-7;182;-7
25;-86;-42
16;-187;54
-13;96;-19
-5;150;3
101;-12;-10
-150;-173;68
-75;138;-96
30;235;24
-137;-77;-3
-68;-140;26
74;187;10
-73;121;-68
-20;-49;20
35;-180;-3
59;66;-15
-63;108;-20
30;-265;-19
19;-185;21
-46;76;-32
69;142;-17
-18;-268;67
4;-106;-10
-16;81;-21
-60;30;12
22;8;-49
-34;-150;-1
-20;69;0
-62;135;-17
-21;-234;46
-111;-266;8
11;47;-5
14;234;43
-7;-182;-31
-4;-211;-1
57;167;-13
37;145;-12
-61;-125;9
-23;-42;-24
63;59;-5
-34;100;-12
-26;-260;-4
6;-111;-6
-11;82;-32
-42;223;-61
18;-77;-3
-101;35;35
-43;102;-33
-37;108;25
5;-107;77
60;-108;22
61;93;7
-46;-35;20
-26;-231;31
113;48;9
-10;219;-19
-66;125;-78
-50;-257;13
75;-215;3
67;162;-55
-79;101;-10
97;-122;-42
-41;-44;11
-66;71;-15
27;130;6
-10;-58;-12
-40;-30;13
6;73;12
-4;49;-37
-114;-70;42
74;-28;-12
3;96;-8
-18;79;13
5;-198;-4
-31;-48;-11
30;138;-4
136;66;-42
-45;-153;19
-37;120;-22
-19;118;-8
10;-3;-21
-92;-4;-23
-23;151;-2
-22;131;-12
-61;147;-84
69;-62;9
51;18;15
-25;101;2
87;-105;6
-6;-74;4
-19;25;3
40;78;-30
-45;-43;-55
131;-81;27
-32;-116;5
-3;6;-42
44;91;-16
-9;-116;6
-14;-10;-6
-74;76;-15
-87;1;-11
-53;-2;3
-16;73;-7
-24;60;-4
-15;-61;-1
-35;-56;-3
-33;183;-53
-100;36;0
-11;-129;-17
-17;40;15
7;146;10
-8;53;-3
7;-148;-21
-4;-137;53
21;143;-47
-101;106;12
49;-131;6
32;36;-26
-41;109;33
20;12;1
-21;-40;24
16;34;-10
-16;48;14
69;-60;-1
-2;-74;-18
-33;-35;3
73;-3;15
-11;-4;-15
-45;-67;-4
47;-87;36
-174;36;-1
-148;46;43
20;-170;31
26;55;-24
31;53;-22
-45;-7;-3
43;-1;-12
-69;36;-14
73;27;9
93;-9;31
-45;-24;-19
-38;-74;26
42;98;-23
-98;12;10
0;-127;-10
-23;16;-20
-21;-11;11
131;-73;-22
47;-50;23
1;-63;-27
-3;34;-18
60;49;1
96;-38;-38
51;-36;32
-96;129;-9
51;113;17
35;-67;39
-113;0;-36
2;33;32
-25;80;-15
-107;116;22
-2;-221;84
91;-44;-34
-70;98;21
-43;11;64
-18;-74;14
19;30;-13
-31;0;-25
-23;-9;18
25;84;-61
1;-179;-19
5;-39;-10
25;113;-81
18;35;59
-67;-40;-27
31;-39;-22
44;-4;20
-25;24;-51
-63;-93;-4
48;-108;-1
-3;-24;-11
-38;-11;-2
-11;-40;-16
-28;42;5
-66;26;-37
55;-61;-6
-15;35;8
38;-35;10
-1;-35;25
25;-40;-23
-10;119;-37
54;-85;-7
-76;-75;39
-4;32;-43
12;-56;3
64;-5;-24
-60;-22;-4
-82;-13;-4
49;44;-63
128;41;-9
28;41;-43
-57;70;0
48;-31;-5
53;-146;31
-47;-49;-22
-3;93;-31
-12;91;28
22;37;25
-39;147;-35
-92;-18;4
28;-168;28
30;-113;24
63;204;-20
-15;288;-11
31;-81;1
67;97;-28
-71;217;-27
-32;-262;-49
21;-287;-32
-72;89;-55
-15;205;-22
80;43;-12
34;45;4
-242;26;-27
28;-109;-14
31;-232;79
51;-117;-92
36;-86;56
-173;-3;-22
-94;158;-39
-84;24;4
-21;-276;-53
49;-205;41
-67;40;-69
79;108;-47
-23;-154;50
-73;-60;-29
-95;15;10
-21;-211;-3
130;-284;-78
12;198;0
2;180;-11
58;-71;-29
16;79;0
-51;162;-17
-27;56;-20
59;160;104
-1;104;-10
-83;105;15
-65;62;-5
-12;21;29
10;11;51
-32;83;15
-373;-178;-80
-7;108;-13
115;291;-105
3;-144;31
28;-204;-21
24;205;-41
8;110;-16
49;-156;3
554;-158;20
-64;-122;23
67;126;-46
-220;57;66
98;-131;-39
123;-18;-1
-64;98;-22
36;-56;47
-194;-140;-10
12;-50;41
52;73;-50
-60;77;14
24;-61;-12
71;-62;-28
-23;23;11
-26;140;-30
38;13;-9
67;-65;42
-181;171;-19
26;48;29
103;-182;97
-135;184;13
-23;187;8
25;79;-55
26;-98;88
106;-55;-48
62;-83;-30
-59;-134;21
72;34;-14
93;-35;-45
-154;40;0
3;-12;23
92;-9;62
-130;113;0
5;11;-75
-61;-78;36
-24;180;39
-64;129;-41
-87;-121;3
34;-141;24
60;101;-55
46;137;4
-42;-153;7
4;-35;-42
114;16;-41
-100;25;6
61;-18;-33
44;-120;-16
-18;57;13
52;80;-42
-64;-110;24
-15;-206;30
53;-86;28
95;125;-23
-81;-99;84
95;-168;1
-41;81;-1
28;34;22
20;-60;15
61;-88;4
-42;152;30
-38;-66;-71
-6;-229;-6
-79;239;-21
-7;228;-17
-60;155;12
-4;-129;14
-82;-78;-2
4;172;-61
72;42;30
10;-73;-7
-13;-10;13
36;92;10
-114;53;-1
85;-117;-1
106;62;33
-134;165;-23
39;-157;-25
64;-10;-13
-76;111;33
-71;73;-84
81;-123;20
22;58;-53
-130;-21;46
13;-52;-25
-1;18;44
-69;-75;10
-13;-141;33
-124;172;-12
32;-74;-31
16;-123;46
-68;106;1
-77;-40;3
84;-111;0
-12;30;-25
-12;72;-8
17;37;-14
57;-115;4
-37;-1;-12
76;70;-25
-61;-21;18
31;-124;3
-52;-199;-40
-157;8;-7
64;166;-81
114;-137;6
-72;-190;69
-10;96;-49
75;157;53
2;-65;0
-19;-96;11
-61;37;-16
-22;86;0
-3;-166;48
53;-30;24
-103;251;-65
-8;-11;5
80;-290;28
27;26;-5
-50;126;-14
62;-93;-83
66;-145;34
48;-65;-27
-61;129;26
42;60;-29
-11;-133;62
-64;-54;39
41;157;-29
-47;25;-29
-111;-26;-8
-13;174;-66
-55;107;10
99;-107;19
-10;43;63
-72;96;47
-39;-20;-60
3;-57;-29
-70;-39;-13
-20;19;-35
59;85;15
39;-3;8
9;-161;37
-100;-1;27
40;5;-41
88;-169;50
-22;17;3
-109;138;-5
-26;-119;13
3;91;-14
7;181;-58
-41;51;1
62;-44;-23
18;-74;20
-84;66;17
66;-46;-15
35;-100;-35
-19;-29;-9
-138;4;18
-29;-55;-38
-23;-52;-10
-68;68;-67
52;-24;-17
-19;-37;35
31;-36;-26
-49;38;-46
57;70;3
-37;-16;15
-46;-66;6
38;51;67
0;11;-41
-16;-124;23
-43;68;-21
13;4;-47
-81;-121;-15
53;113;-35
-4;12;-10
-57;-72;24
29;7;-34
59;-3;-11
-105;-59;51
-21;58;-70
3;-71;-1
-83;-59;41
35;112;-58
-12;-3;-45
-48;41;-78
77;95;-22
-79;32;20
141;-112;-3
69;57;-31
81;88;-61
-34;0;47
24;-68;21
70;-110;27
-8;-7;-32
50;69;7
-101;-103;32
25;-139;4
47;30;-17
-64;5;45
42;-44;-42
44;100;-32
5;128;-26
4;-23;-38
3;-134;64
9;1;-66
40;52;17
-60;-31;-12
96;-66;-2
52;4;-35
-72;71;-4
-63;-116;-76
-95;-179;-61
64;35;39
-7;64;16
-124;-118;-73
-16;17;-27
-26;65;-60
-16;-49;19
-112;33;4
12;15;-54
24;-13;-1
-74;31;-35
6;9;-2
70;-65;50
-75;-24;-43
-65;-18;24
-27;-29;-8
38;25;-32
16;-20;17
35;53;-36
-30;58;2
0;-8;31
58;-86;-31
-63;-42;62
152;5;32
51;-15;-27
-106;-9;49
-158;-61;-40
53;28;-14
38;74;-47
-98;-46;-41
-5;-37;-12
65;129;-42
-1;-87;73
23;2;-19
70;20;-51
32;-94;11
-19;-110;-29
-10;-29;12
60;39;-28
27;39;-46
-56;-6;24
-41;-66;-16
43;65;-16
-96;29;5
-74;-60;-5
8;103;-11
-40;32;9
56;-16;-53
-43;16;54
9;-15;-26
9;-27;-61
-65;4;21
-5;17;-8
35;-19;-36
-54;-107;60
42;1;-22
1;45;3
24;23;-9
-31;-128;-29
-7;119;-10
76;116;18
1;11;-6
-99;-17;20
-5;-58;-23
45;104;-19
42;121;9
-28;-127;-19
7;-78;0
39;-3;16
7;-109;-31
-24;-14;10
3;86;-30
49;93;12
-85;-56;37
-47;-26;-14
49;45;-40
-63;15;0
-107;54;16
0;-152;-59
2;-69;102
7;132;0
74;69;10
9;-65;48
17;18;-19
110;134;13
6;-95;-9
-79;9;-11
31;3;-58
166;10;12
-68;-35;-51
-69;-26;49
6;-25;-19
-52;-11;5
4;-9;-21
31;-5;4
-11;4;9
-26;-21;3
-8;-11;8
6;-2;-20
-5;-10;5
-3;-4;-10
-7;-5;1
-19;-16;3
-3;-3;-17
-16;3;-7
0;-7;-5
-4;-9;3
-12;-10;2
