-11;-11;-1129
-8;-18;-1113
-18;-12;-1087
-15;-13;-1111
-11;-15;-1078
-25;-21;-1131
-12;-13;-1136
-17;-19;-1130
-10;-16;-1117
-18;-22;-1115
-11;-15;-1114
-15;-11;-1134
-10;-17;-1125
50;1;-1102
-68;204;-1183
-49;119;-1153
71;203;-1243
-2;107;-1087
-21;84;-1024
-73;17;-1055
-67;-310;-1075
-119;70;-1070
-19;71;-1200
57;83;-1085
43;52;-1105
-70;-122;-1009
-20;102;-1085
168;78;-1107
-26;55;-1157
-26;139;-1072
16;152;-1143
-350;-76;-1042
-208;64;-1051
-195;98;-1133
69;107;-1125
25;68;-1072
-131;-12;-1067
-119;126;-1168
41;121;-1143
25;-115;-990
-181;48;-1172
-90;196;-1236
30;-66;-1085
-37;11;-1078
-105;75;-1093
-61;36;-1097
18;-29;-1050
183;10;-1055
-147;46;-1133
-259;15;-996
-2;62;-1108
-10;35;-1107
-2;66;-1082
-81;25;-1057
-131;-8;-1128
-149;-41;-1069
-93;38;-1127
-62;48;-1139
48;-17;-1119
-116;159;-1151
-9;-37;-1092
-55;-197;-1071
-296;-275;-977
-30;-27;-1196
-70;44;-1206
-87;10;-1114
-144;10;-1155
346;22;-1006
234;6;-1017
97;89;-1051
-162;239;-1083
-66;160;-1089
-62;19;-1090
20;-66;-1105
149;-32;-1100
-164;42;-1247
-162;-45;-1086
-124;145;-1180
137;-52;-1032
-23;-69;-1072
-197;-81;-1041
-139;17;-1202
-30;73;-1150
-46;25;-1134
16;3;-1142
-152;-271;-925
-51;-156;-1100
141;80;-1132
1;204;-1124
-255;3;-1130
-87;81;-1237
56;-122;-1138
19;-58;-1128
-72;16;-1197
-181;-81;-1114
-10;74;-1123
329;143;-1198
-270;-107;-1131
-381;21;-1110
-103;-276;-1076
2;-151;-1027
72;348;-1267
47;225;-1152
71;81;-1149
-233;-299;-1054
-198;-33;-1051
169;162;-1155
100;76;-1175
-32;-76;-1124
-419;-155;-1031
-105;-95;-1019
-73;135;-1142
84;151;-1124
119;8;-1325
-244;-12;-1040
-408;19;-1111
-106;-196;-930
340;120;-1087
343;130;-1179
175;124;-1082
-178;-165;-933
-264;-76;-1143
-114;-138;-1029
53;145;-1188
158;13;-1026
-274;-79;-1000
-163;-148;-983
24;175;-1227
0;-40;-1078
-192;24;-1151
-125;25;-1109
173;-90;-1022
69;185;-1218
-28;25;-1145
-203;-74;-1056
-27;-61;-1054
63;49;-1072
-138;65;-1126
-338;5;-1031
15;-15;-1166
304;-260;-1016
-148;-126;-1094
-212;-60;-1065
-28;-64;-1024
150;79;-1146
-163;-63;-1094
-167;-45;-1014
-66;-11;-1099
2;75;-1154
302;278;-1152
-174;-179;-1012
36;-117;-1013
290;205;-1163
41;65;-1203
-3;-235;-992
13;-77;-1066
133;196;-1103
-153;-182;-1011
-22;-3;-1056
54;158;-1181
-262;-113;-1028
-45;-188;-979
49;-57;-1006
72;-19;-1135
-85;-124;-1044
-132;156;-1171
-53;-43;-1101
-88;60;-1076
-18;97;-1180
153;-184;-993
102;-149;-1016
-60;162;-1148
-163;95;-1198
29;-149;-1019
-79;62;-1107
148;5;-1112
-69;-43;-1150
127;-174;-1087
130;115;-1227
-126;43;-1166
-97;-236;-1022
137;88;-1130
22;128;-1157
-128;-68;-1108
-104;-116;-1000
84;192;-1198
43;41;-1200
-86;-76;-1092
-178;49;-1195
23;-17;-1031
17;-39;-1080
43;-75;-1089
-70;110;-1204
-58;47;-1172
-89;-187;-1018
-88;-92;-1030
-62;189;-1290
-156;-105;-1086
64;-136;-1137
-103;-34;-1193
27;157;-1134
-8;174;-1136
-257;-126;-1134
79;-148;-1025
144;103;-1107
30;91;-1150
-66;127;-1196
30;-157;-986
41;35;-1114
-141;254;-1185
-278;-95;-1104
-166;-186;-963
14;99;-1124
20;73;-1158
50;54;-1144
27;-142;-1030
98;-70;-1002
-147;76;-1138
-279;-117;-1015
-395;2;-1163
271;266;-1202
302;22;-1082
5;-76;-1002
-358;-43;-1053
-253;142;-1246
295;111;-1167
105;-56;-1120
-259;-238;-941
-331;-26;-989
117;90;-1160
315;72;-1072
3;-62;-1115
-390;-28;-999
-308;8;-1065
195;2;-1086
227;-54;-1059
-206;-10;-1120
-381;-20;-1059
27;-3;-1113
-57;-80;-1055
100;-191;-988
96;186;-1124
-237;161;-1075
-98;-55;-1030
192;-206;-1065
-14;-31;-1099
-285;115;-1186
-72;23;-1122
-50;-373;-894
-73;234;-1235
-70;215;-1101
-201;-22;-1094
-359;-155;-1043
128;59;-1179
68;-106;-1049
-152;-134;-985
-276;194;-1231
13;132;-1207
-36;-227;-873
-27;-165;-928
-26;15;-1121
-122;-74;-1064
-96;-41;-1050
-262;22;-1181
22;-106;-1089
208;21;-1091
-13;54;-1128
-226;42;-1059
-59;25;-984
-77;-202;-1065
-181;-8;-1078
-3;-50;-1042
-23;-120;-1088
-30;-102;-990
-172;263;-1150
253;46;-1161
-43;-140;-1075
8;34;-1112
-205;14;-1113
-365;-33;-1096
-377;-33;-1139
53;-12;-1007
202;98;-1219
14;-103;-1021
-253;11;-1115
-104;143;-1213
344;-57;-1079
256;-30;-1117
-185;-156;-1077
-506;-178;-1074
-13;251;-1242
81;162;-1155
119;-342;-976
4;75;-1287
-97;-17;-1104
-58;-53;-1107
-69;95;-1148
33;205;-1115
-93;-239;-1072
-87;-82;-1139
84;54;-1099
138;84;-1115
-166;-106;-1075
-253;-116;-1117
-59;-69;-1016
40;229;-1205
-23;164;-1185
-142;-257;-1033
-7;90;-1128
0;345;-1236
-75;-179;-1129
-76;-371;-1010
-110;-26;-1178
-99;101;-1174
-137;-119;-1013
193;178;-1238
-129;-147;-944
-288;57;-1124
-101;4;-1130
240;27;-1313
-61;35;-1140
-273;42;-1076
-3;0;-1006
-84;5;-1020
-165;28;-1180
-226;80;-1142
-96;-143;-1138
133;-186;-1043
111;246;-1241
-155;107;-1089
-85;24;-1084
-116;-87;-1067
-107;-66;-1171
-242;-150;-1122
-28;-19;-1174
-15;-19;-1080
97;162;-1201
-208;60;-1135
-19;-174;-1103
-39;-285;-985
-49;-42;-1075
-69;218;-1208
50;49;-1150
-122;-372;-928
-185;-14;-1062
24;225;-1203
3;70;-1186
-14;-182;-1044
95;-134;-1148
-204;107;-1097
-218;111;-1128
-184;39;-1119
-225;-71;-1104
-239;-231;-1063
-114;-88;-1179
-50;-43;-1127
-111;-96;-1118
-8;-54;-1065
0;118;-1169
34;89;-1092
38;46;-1179
-41;-31;-1147
-26;48;-1187
-150;56;-1117
-313;-254;-1053
45;-130;-1142
136;-145;-1145
134;94;-1148
-173;38;-1190
-255;-54;-1141
-56;-191;-1038
90;12;-1198
-50;16;-1266
-163;-65;-1122
-215;-287;-1061
104;-120;-996
90;170;-1153
30;19;-1176
-186;-220;-1078
-26;-284;-1005
142;244;-1275
-52;26;-1189
-149;-303;-1174
-154;-191;-1067
-38;80;-1140
-14;-31;-1101
64;-211;-1053
95;-16;-1098
97;69;-1106
-37;82;-1088
55;83;-1209
-155;65;-1205
-130;-153;-1075
-1;-287;-984
199;32;-1157
300;37;-1102
3;49;-1110
-125;-238;-928
-81;34;-1128
5;150;-1236
-80;-210;-1052
-79;-239;-1027
-81;158;-1180
-24;176;-1197
-116;-299;-1009
40;-239;-1123
-55;-87;-1119
-56;-84;-1146
-88;-310;-1016
94;48;-1165
119;142;-1249
14;-105;-1018
80;169;-1248
47;104;-1149
-188;-105;-1187
-275;-242;-1035
129;-7;-1152
186;140;-1166
-1;8;-1122
-335;-199;-1120
51;-156;-1047
117;165;-1202
35;-12;-1115
-83;-93;-1111
-83;-24;-1190
-97;-128;-1126
-1;-81;-1100
-10;-193;-1063
31;-8;-1238
52;35;-1098
304;-146;-1077
-198;-252;-1007
-256;-220;-1026
-140;-54;-1115
-97;-20;-1098
13;-84;-1137
179;-129;-1180
-106;-219;-1047
65;40;-1170
161;143;-1258
46;-94;-1069
-28;-87;-1050
63;91;-1069
-56;-19;-1153
16;-172;-1070
-10;-121;-1155
-170;-179;-1044
135;93;-1212
23;-19;-1023
69;51;-1132
-56;163;-1182
0;-198;-1004
-58;-184;-1076
135;103;-1272
27;187;-1190
-69;204;-1079
-12;-2;-1147
107;-192;-1013
-133;-113;-1040
139;-68;-1199
171;90;-1143
41;166;-1235
-35;-285;-949
78;69;-1172
-42;190;-1193
66;-121;-1125
177;46;-1172
95;200;-1192
-1;-159;-1088
-148;-217;-1128
-128;-70;-1121
-35;-35;-1130
-27;-6;-1086
42;43;-1142
117;193;-1208
-153;55;-1148
-149;-63;-1090
129;-99;-1196
68;-151;-1058
31;144;-1202
-10;7;-1125
128;-335;-1010
120;-60;-1117
-254;160;-1181
-99;116;-1200
-27;-221;-1023
-71;-326;-926
-38;-153;-1075
141;154;-1236
75;29;-1047
45;53;-1184
-132;-52;-1110
-151;-57;-1089
75;-85;-1115
-37;-91;-1097
-110;-248;-943
227;235;-1247
117;112;-1186
-181;-315;-969
50;-8;-1039
-40;137;-1141
96;-288;-1013
-252;-76;-1100
-30;85;-1110
50;-5;-1088
-72;-25;-1084
210;87;-1116
-78;-134;-1007
111;-109;-988
174;201;-1119
-30;83;-1054
-171;11;-1111
-45;128;-1071
96;90;-1129
26;-189;-962
-164;-244;-961
-4;106;-1271
-35;52;-1170
-36;12;-1165
-33;-29;-1046
-39;-41;-1050
-129;-38;-976
-41;41;-1029
86;176;-1199
79;-81;-1092
12;-39;-1058
-111;90;-1021
21;46;-1172
10;-143;-1052
-6;-80;-1039
-142;10;-1027
-65;13;-1089
158;32;-1208
-22;-175;-1083
-111;-9;-1104
160;37;-1068
100;151;-1160
-89;48;-1098
167;76;-1190
169;64;-1064
30;154;-1159
11;-123;-995
111;140;-1111
-79;111;-1097
-45;79;-1157
8;56;-1117
259;65;-1051
-34;24;-1094
-108;-64;-1052
6;54;-1016
172;43;-988
58;84;-1101
44;-90;-1112
-108;-171;-1093
-32;-56;-1048
15;154;-1133
128;103;-1185
191;-248;-994
20;131;-1202
-257;152;-1117
44;-122;-1040
-42;-84;-1186
281;25;-1055
-312;-25;-952
-2;72;-1107
-8;94;-1158
150;-13;-1156
-87;-77;-1101
-110;-10;-1156
86;49;-1075
215;181;-1119
115;97;-1167
-73;-114;-980
-2;-128;-1104
247;202;-1282
120;134;-1120
-93;-6;-1071
-126;-97;-1069
-8;79;-1159
190;141;-1099
126;68;-1076
40;54;-1169
-38;-125;-1013
-186;-116;-1022
173;-30;-1048
180;248;-1095
-44;78;-1169
59;-169;-1035
-120;-62;-1080
-55;11;-1077
91;200;-1246
63;170;-1202
-25;8;-1102
66;127;-1127
-149;110;-1264
-34;159;-1183
10;-91;-1146
28;-386;-1015
175;-14;-1073
-101;60;-1110
-359;38;-1204
39;-58;-1024
-18;9;-1184
-23;-110;-1079
-17;167;-1172
-107;-28;-1094
-128;-130;-1073
56;-42;-1210
307;24;-1002
53;66;-1126
-83;74;-1102
-126;18;-1112
28;-75;-997
123;-34;-1176
-148;-122;-1067
-41;201;-1168
-131;9;-1091
7;-111;-1042
52;-99;-1097
100;3;-1138
-122;-54;-981
-1;218;-1220
42;78;-1135
-27;33;-1079
-86;-94;-1078
-99;58;-1153
1;-46;-1073
-80;107;-1167
28;45;-1111
159;-21;-1140
118;55;-1066
-177;45;-1152
-175;98;-1158
128;-14;-1115
70;-94;-1087
-104;-274;-950
-74;11;-1145
-12;7;-1110
4;-157;-1079
32;77;-1145
233;160;-1229
103;70;-1019
-25;171;-1124
-142;-73;-1052
15;-174;-991
72;13;-1158
79;146;-1079
55;125;-1159
6;60;-1139
37;29;-1120
-207;-1;-1086
-113;-268;-968
-135;218;-1209
215;77;-1124
66;-209;-864
-43;123;-1235
-121;-56;-1125
-146;-56;-1059
9;-30;-1151
45;-60;-1107
-153;-27;-1156
-63;117;-1112
91;161;-1175
-117;125;-1095
-57;33;-1024
-53;16;-1107
-97;-108;-1033
181;166;-1209
97;143;-1106
-174;-52;-1078
-178;-31;-1027
118;-123;-972
91;115;-1184
-264;31;-1137
-185;-14;-1044
217;3;-1165
188;43;-1136
-94;-153;-1014
-14;-203;-1054
22;46;-1133
213;-30;-1056
-1;236;-1171
-73;145;-1184
-11;53;-1053
78;-44;-1178
-178;-204;-981
-62;195;-1202
25;95;-1170
-19;-39;-1153
54;-183;-1064
-96;247;-1192
69;74;-1082
-108;-230;-1057
-141;85;-1202
-189;-23;-1043
12;-96;-1039
20;-44;-1192
-179;-106;-1070
-52;-36;-1125
21;-113;-1066
165;79;-1123
70;51;-1075
-143;86;-1100
-109;-109;-1031
264;-108;-1007
-95;187;-1215
-220;-92;-1064
-189;-11;-1132
30;-61;-978
-118;-184;-1099
38;-205;-1000
102;-44;-1126
59;21;-1138
-183;14;-1233
121;-199;-966
101;213;-1246
-123;-135;-1035
-324;-257;-1014
102;-231;-1074
20;116;-1201
66;292;-1259
82;24;-1040
-220;-135;-1156
-42;-300;-934
128;131;-1187
-79;6;-1162
-158;-234;-1083
2;-58;-1100
