2;-2;-5
-6;-10;1
-12;-13;-3
-3;-2;0
-3;-3;-3
-4;0;-5
-2;0;-5
-6;2;-6
-8;-7;2
-4;-10;-1
-3;-5;-5
-6;-11;0
-3;-14;4
-37;7;33
-75;-5;86
33;-15;-63
-76;-48;109
0;-91;133
60;-178;-23
185;-186;-6
-128;-65;0
-336;-96;-11
-250;-1;-70
-149;120;34
-78;20;16
-274;-26;16
-245;28;-30
-167;-96;32
-130;-136;-5
-58;-113;29
128;-271;62
166;-210;42
-24;168;-116
-34;178;-100
7;243;26
138;4;11
-16;-23;46
-5;70;20
144;74;-6
45;-113;41
-201;-99;-3
58;94;-22
152;38;69
-53;-63;-6
14;0;-28
126;152;-61
137;155;-72
-33;-61;2
21;-357;15
2;-96;-39
-56;130;-51
-10;37;-2
64;-1;-40
104;-85;8
97;-65;4
-50;16;4
-60;100;-24
25;46;7
-40;-95;-114
0;-130;120
261;-133;-128
69;-92;-187
75;156;-538
-123;241;-601
34;119;-781
-16;-41;-852
-149;163;-852
-44;76;-677
-113;-54;-563
52;-197;-262
-91;-17;-28
65;24;-27
174;-6;15
116;92;-55
-69;-8;12
-35;-240;-14
-7;-20;-50
23;247;-43
163;138;-14
82;-60;-78
-66;-74;152
-139;44;-34
-78;103;-22
86;-21;-24
178;-33;-144
322;-18;-453
11;28;-659
-344;17;-230
-15;-200;-122
58;-17;3
83;156;-81
261;220;-86
-63;88;-31
-110;-96;5
-138;-14;-43
-169;147;-81
66;-112;143
142;-378;-61
25;-101;-164
1;191;-618
-327;215;-554
-231;158;-292
163;-143;-128
254;-190;135
71;-91;-80
-293;269;-69
-223;289;42
53;-157;9
-6;-272;-84
213;-194;-443
21;-2;-583
-240;167;-208
-42;215;-12
-73;-109;127
-26;-364;-160
162;35;-446
119;440;-594
-142;297;-113
-138;212;-76
81;-276;66
101;-358;60
-49;-280;29
-99;201;-359
-161;311;46
216;-75;-54
228;-220;18
-118;15;-137
-102;182;-59
72;-60;-23
-86;-10;-2
94;230;-190
-101;243;-124
-87;14;60
38;-82;-51
0;0;-128
-41;91;-161
-49;-67;57
-12;-204;46
101;135;-142
102;353;-73
154;-22;-438
-79;-260;-118
-9;-9;-560
19;154;-743
-35;138;-694
88;-89;-521
-66;115;-570
102;21;-1006
-227;88;-1009
-22;17;-792
99;-157;-626
-61;138;-653
-165;193;-414
149;5;-282
187;-10;-549
-148;170;-388
-12;122;-100
229;-187;-289
-100;-17;-390
-90;-63;7
252;-98;-326
28;129;-369
160;74;18
97;-101;-22
-261;-108;-65
-170;-23;-72
19;15;-88
-85;72;-55
89;165;-184
-7;97;-31
-89;-14;-345
-202;10;39
185;2;-35
-48;54;-295
-37;175;61
76;66;9
196;-108;-76
70;-7;-239
-209;-87;129
112;-127;-115
-102;118;-171
-409;205;-58
-164;-86;50
99;-132;-131
-17;111;-228
-194;24;152
31;-159;-71
148;-216;-128
-13;-51;62
32;135;-62
85;84;-78
28;-93;-149
-20;-115;-13
91;-44;23
153;-28;-240
-171;-65;-249
-186;-34;-112
186;-32;-319
-25;-23;-416
-63;-5;-374
-227;119;-238
71;36;-37
319;79;-245
-32;197;-538
-136;184;-165
-185;42;-47
24;-90;77
20;-90;-291
-298;-194;81
149;-390;-80
372;-215;-151
-191;308;-107
-251;346;4
4;143;-162
5;48;-39
141;-107;58
-81;-263;30
105;-389;-123
-49;-201;-103
-299;417;-109
-65;497;-30
225;62;33
-24;-538;-64
-221;-347;-7
-17;214;-94
-16;153;-8
170;-184;22
129;-255;-63
-172;207;-164
-88;466;9
101;-60;95
141;-490;-17
14;-305;-76
-86;222;-94
7;374;-173
-22;-128;162
-65;-491;1
114;-20;-102
-44;293;-198
227;66;-405
-123;-132;-527
-210;-101;-8
132;-109;-51
300;130;-117
51;50;-7
-192;-336;60
60;-214;-132
271;122;-241
4;44;-96
-502;0;-91
90;-225;-59
217;-169;81
-38;190;-81
-4;304;-118
298;-141;-212
-132;-306;-77
-249;47;31
211;233;-160
226;113;-85
219;91;-70
-194;-17;8
-15;-136;-46
-24;-77;-105
0;138;-305
41;223;-518
-117;28;-232
-89;-140;52
-102;-146;52
93;-5;4
152;16;-63
-279;192;-69
53;170;-441
33;-57;-465
-159;49;-625
-221;172;-177
151;100;-379
-24;-125;46
-164;-216;-8
-104;-241;-64
31;-4;-68
26;52;-91
-42;321;-221
115;45;125
-131;-344;64
-147;23;-123
-81;366;-34
236;13;-116
228;-58;-137
166;-485;-376
-57;-283;-685
-306;354;-413
397;235;-403
234;6;-380
-399;-42;-215
36;-100;-401
-104;-13;-368
-181;199;-170
31;260;-145
92;5;-361
-62;-93;-580
-131;24;-567
119;-138;-188
22;-229;-49
-140;-36;-508
-331;148;-358
-260;236;-126
92;-160;50
167;-188;-349
-361;228;-123
-17;187;-14
395;-72;-275
-66;-185;-281
-246;30;-325
-55;9;-528
90;6;-852
6;50;-859
104;10;-1089
-63;90;-894
-31;67;-862
-46;50;-780
69;73;-515
110;43;-560
-17;128;-830
-19;-102;-175
-81;-44;-71
-2;-31;-102
25;91;-562
-43;-32;-615
-70;-39;-101
103;-203;-4
105;1;-128
-3;-72;38
25;19;-465
-83;28;-470
-51;64;-775
-53;-44;-694
37;-86;-311
4;-77;-122
307;21;-381
42;-48;-161
-64;-57;-145
-145;43;-50
206;-24;-98
380;-136;-216
-307;55;-90
-22;169;-40
234;14;-30
213;31;-129
-290;-158;-68
-105;-248;16
-49;-231;-27
170;-11;-160
94;53;62
67;146;-574
-49;255;-558
-23;248;-608
62;138;-854
-35;118;-846
-137;12;-430
-40;7;-301
9;31;-197
8;-26;27
16;-22;31
169;-144;19
330;-5;-362
-131;185;-508
-123;188;-461
-123;76;26
-59;-70;63
29;-53;-12
81;181;-304
-201;104;7
-86;-67;-7
-1;-60;5
72;170;-387
-362;263;-189
-228;78;-8
160;-177;55
5;-84;-15
-182;194;-136
-97;-21;-45
272;-225;-82
63;-85;-25
-353;-1;-532
-12;8;-516
122;48;-865
73;56;-667
-140;162;-376
51;40;-57
28;-106;-4
-99;-169;-14
109;-86;18
170;127;-53
29;217;-227
-214;125;-254
-173;69;-110
-55;-142;47
179;-232;-220
-175;41;58
98;16;-34
166;-92;5
-222;15;-52
-270;86;-54
277;148;-276
413;51;-154
-1;-48;-392
29;5;-470
58;-29;-644
130;-11;-976
-202;139;-808
0;15;-509
33;-132;-336
-221;-42;-255
101;-69;28
167;-139;-296
56;56;-508
-134;358;-378
-126;27;-63
-3;-324;63
77;-115;-279
-151;278;-267
64;135;80
149;-140;-63
95;-152;30
98;-1;-4
20;39;11
-45;66;-52
163;60;-107
-206;129;-21
13;172;-52
119;-43;-21
-74;-200;-269
-103;-193;-293
-85;141;-418
-15;145;-521
51;166;-626
146;22;-664
-29;-150;-613
-225;39;-696
97;-101;-225
-83;-86;-142
-107;-26;-106
-108;91;26
67;16;-101
-3;-12;-457
-39;-8;-627
-76;-22;-873
-83;72;-565
-57;-66;-580
-61;-27;-223
-13;56;-108
184;-2;-104
65;-10;-198
-324;47;-208
-165;13;-5
-50;46;-7
198;9;-113
193;14;-248
-1;-54;-488
-66;105;-358
-170;89;-84
48;-164;-3
347;-155;1
-261;-51;-30
76;-24;-140
215;29;9
-152;19;-161
53;-70;-29
138;-86;13
18;-82;4
-98;6;-392
26;78;-453
100;55;-690
-122;12;-565
-45;-6;-284
72;-76;-77
179;123;-172
261;35;-361
-44;-16;-217
-97;79;28
158;51;54
79;-102;-69
-302;-243;-30
-98;-242;-84
134;-34;46
97;8;15
134;-68;-292
-103;7;-565
-236;181;-263
2;63;-92
-201;-66;60
-12;18;-59
13;60;-102
48;64;-330
57;-122;-450
93;-114;-680
-247;217;-382
120;-143;-155
197;-280;-255
-339;91;-186
-37;23;-156
203;-207;-324
-41;-36;-361
-147;172;-619
25;20;-591
6;48;-712
-66;68;-449
200;-54;-303
-101;95;-396
-165;31;79
24;-113;-1
-39;46;11
43;154;-47
298;0;-1
272;-210;80
-181;-121;36
-179;34;-59
-50;-65;-65
-48;-98;-22
2;-89;-24
-136;-16;23
-179;-17;4
-218;219;-44
2;187;51
121;-186;-4
-4;-288;17
-94;-10;-32
89;65;45
76;-51;-16
-43;-107;-106
-29;40;60
-2;251;-77
-98;107;-53
19;-128;-607
-99;-30;-544
-148;110;-567
-170;74;-381
136;176;-517
-38;185;-189
-79;50;-65
-83;-182;-21
103;-138;-375
-82;-26;-134
131;-64;86
63;55;15
-233;255;-45
-5;195;-39
14;-70;41
-6;-76;-118
-144;121;-126
101;22;-43
182;-45;66
12;-86;-1
-67;-92;-24
-73;135;-298
109;317;-6
183;217;135
27;-143;-4
-277;-279;-2
145;-23;-23
68;283;-255
52;90;-124
-126;-150;-515
206;-173;-75
-2;142;-137
40;280;32
78;67;88
-52;-149;-14
-53;-82;-306
-111;178;-336
-8;147;6
130;-134;35
185;-132;12
-85;26;-40
-312;127;-303
35;-88;9
143;-169;86
-83;-44;-103
-215;162;-99
-90;64;19
70;-188;65
111;-281;35
27;-227;-184
115;8;-448
-119;234;-493
-172;74;-21
211;-147;-17
230;-127;-57
9;-128;-318
20;-41;-463
-131;93;-287
83;13;-36
88;-68;16
13;-145;32
84;-99;-36
140;141;-65
371;204;101
7;72;-9
-313;-146;-52
126;-300;-90
129;-199;-131
-30;-9;-588
123;51;-23
-23;18;-166
-219;108;52
82;117;-188
-83;160;-181
-20;145;-449
-85;29;-398
69;-192;-51
38;-170;20
1;-52;12
-40;22;21
-233;60;16
-105;-188;-35
66;-109;-73
176;-15;77
24;154;-81
-120;160;34
-119;-13;-194
38;-68;-304
-50;74;-13
140;-60;-26
77;-216;111
44;-178;-96
-115;-23;-44
-34;55;-50
-155;153;1
164;104;-40
-85;37;35
-49;-97;81
8;-160;-13
41;132;-66
80;28;16
35;-84;-179
112;-98;-203
-66;114;-383
60;159;-494
86;52;-682
-88;57;-811
-145;9;-473
30;-217;-275
55;-95;-155
203;-7;-122
57;-18;-516
-150;11;-231
-167;48;-7
21;-59;56
122;-196;56
139;-205;37
34;-202;-81
12;-40;-187
-363;266;-45
162;277;-101
171;-86;73
-87;-283;11
62;-293;31
-39;15;-191
-116;144;-95
-31;-40;-596
49;-71;-499
-201;-29;-419
-211;-24;-334
-16;-39;-84
41;181;-97
62;185;-81
40;212;-415
-192;159;-94
39;-182;82
12;-230;-15
-14;114;-57
53;127;-14
-113;-162;70
53;-133;-54
27;283;-74
-4;470;-140
-67;69;-37
181;-330;-446
-10;6;-536
-126;132;-262
-61;14;-426
-76;-98;-103
84;-105;-50
96;-6;-4
103;-70;10
41;-29;96
57;174;-206
183;51;20
150;-136;-71
-103;-155;-418
-15;-29;53
193;-24;-64
69;-154;30
-166;-77;1
126;141;-167
151;223;-163
-5;190;-59
86;115;-196
-14;30;-593
161;4;-648
-124;33;-408
-13;-40;-149
110;-78;-37
167;120;-108
-84;-9;-281
-38;-268;148
107;-159;-32
83;-128;-59
195;17;-46
48;120;17
-50;158;-67
-234;136;-46
-169;-12;-157
-35;232;24
-61;166;54
-227;-174;-30
244;-167;-53
144;33;-176
-127;52;-599
-365;11;-71
-64;-43;-58
195;-120;66
156;-50;-71
78;172;-163
-109;152;-43
189;-257;-385
55;-224;-313
-164;113;-119
