-42;-3;-1095
-46;-6;-1111
-43;-4;-1084
-39;-8;-1108
-36;-4;-1120
-50;-8;-1103
-41;-15;-1122
-39;-18;-1116
-69;-3;-1135
-30;-4;-1130
-14;-15;-1099
-28;-4;-1109
-76;4;-1093
-19;-9;-1099
-153;-39;-998
-52;7;-1099
-93;17;-1095
-39;-15;-1043
-85;12;-1095
-15;-33;-1106
-14;-6;-1127
-64;9;-1146
7;-15;-1101
-57;-9;-1063
-87;-22;-1065
-134;0;-1122
-81;-9;-1124
-12;-16;-1119
-50;11;-1160
-9;-20;-1122
36;41;-1152
-13;-71;-1124
4;20;-1077
-1;-24;-1110
-125;-64;-1067
-109;20;-1093
-212;-26;-1080
-353;24;-1006
-385;-17;-1003
-448;-24;-986
-469;5;-1011
-472;45;-997
-455;42;-1003
-504;2;-1011
-499;-5;-1002
-464;34;-1037
-400;13;-996
-422;10;-1002
-472;-21;-1015
-504;41;-1029
-589;13;-962
-581;8;-972
-521;11;-1018
-533;-7;-976
-509;-17;-992
-482;26;-1027
-486;17;-1018
-471;13;-1010
-495;18;-1012
-493;6;-971
-547;-20;-979
-522;31;-1008
-497;30;-1000
-476;26;-979
-465;12;-1029
-442;-3;-1040
-436;13;-1001
-436;13;-992
-449;16;-999
-503;21;-960
-548;13;-954
-590;20;-965
-543;28;-987
-418;12;-1004
-496;20;-978
-383;24;-1027
-345;25;-1044
-332;17;-1051
-335;-6;-1031
-431;35;-1022
-461;23;-1002
-462;-2;-978
-482;-6;-1039
-424;13;-1049
-320;15;-1061
-288;-16;-1067
-247;-4;-1089
-222;20;-1095
-256;-4;-1066
-324;5;-1031
314;-290;-1328
484;-73;-1174
-705;-115;-1071
189;80;-1057
207;-135;-1103
-108;-94;-1105
26;-33;-1133
197;-14;-1164
78;40;-1121
-92;-31;-1106
-81;31;-1146
-132;-19;-1095
-376;-48;-1132
-457;17;-1158
-188;-84;-1062
229;53;-1094
295;-45;-1008
325;-25;-1039
391;-40;-1078
468;-56;-985
474;-43;-999
531;-21;-1017
396;-33;-1008
390;-37;-1046
350;-10;-1018
362;-43;-1020
357;-22;-1041
374;-21;-1028
410;-39;-1031
406;-34;-999
444;-15;-963
449;-36;-993
523;-45;-970
514;-42;-957
615;-15;-937
684;-11;-928
703;-82;-752
1003;-61;-730
450;-64;-860
623;-110;-847
606;-35;-1053
462;-113;-906
557;-4;-911
519;0;-900
538;-70;-870
563;-3;-893
575;-80;-886
591;-79;-950
574;-62;-887
578;-17;-940
573;-63;-870
596;-29;-904
558;-67;-900
572;-18;-919
518;-42;-946
576;-64;-936
609;-21;-923
599;-31;-890
588;-61;-895
594;-37;-905
582;-48;-929
607;-59;-886
603;-42;-915
595;-50;-893
605;-70;-919
609;-47;-927
608;-66;-914
602;-42;-911
598;-44;-885
591;-42;-914
583;-46;-943
594;-39;-931
586;-51;-944
586;-55;-955
574;-51;-921
578;-57;-912
580;-52;-912
568;-34;-920
562;-53;-948
551;-55;-949
436;-25;-973
441;-35;-976
372;-42;-994
273;1;-1060
274;-3;-1035
215;-15;-1031
189;-31;-1054
231;-21;-1044
301;-14;-1047
301;-9;-1079
286;-29;-1078
238;-28;-1084
193;-30;-1058
200;-27;-1102
178;-23;-1079
188;-28;-1083
145;-12;-1062
120;-5;-1048
79;-10;-1077
-674;144;-1017
-65;-60;-1010
299;-177;-1117
-292;-21;-1108
-130;93;-1226
155;79;-1143
18;-22;-1082
-119;32;-1193
14;-59;-1099
-38;49;-1125
-58;19;-1119
-48;14;-1154
-6;-13;-1123
-10;-41;-1089
-47;23;-1121
-33;-18;-1092
-11;-26;-1070
-20;-15;-1132
-60;14;-1136
-34;-16;-1127
-34;1;-1151
-26;-18;-1131
-38;-24;-1085
-55;-12;-1105
-69;-4;-1090
-39;15;-1100
55;0;-1093
-100;-22;-1074
-103;0;-1105
37;6;-1095
-67;-4;-1089
-86;-17;-1122
-50;-8;-1127
7;-6;-1097
-65;-13;-1139
-47;-17;-1128
-34;-12;-1097
-9;0;-1105
-53;-7;-1126
-60;-17;-1082
-28;-8;-1104
-27;-4;-1105
-31;-13;-1134
-38;-7;-1106
-52;-4;-1116
-24;-8;-1119
-27;-8;-1111
-41;-4;-1122
-36;-11;-1105
-33;-12;-1093
-38;-9;-1074
-41;-12;-1105
-32;-5;-1123
-45;-5;-1117
-44;-7;-1128
-43;2;-1093
-39;-4;-1127
-37;-8;-1117
-34;-10;-1114
-31;-7;-1121
-39;-2;-1097
-34;-13;-1086
-27;-10;-1083
-43;3;-1115
-38;-6;-1109
-33;-10;-1118
-36;-14;-1100
-41;-9;-1125
-35;-4;-1120
-36;1;-1111
-34;-6;-1097
-35;-19;-1107
-33;-8;-1087
-40;-10;-1119
-36;-11;-1098
-34;-14;-1106
-37;-8;-1118
-43;-7;-1086
-40;-13;-1089
-33;-14;-1100
-33;-20;-1110
-39;-9;-1136
-30;-15;-1124
-37;-10;-1117
-35;-4;-1146
-26;-10;-1138
-40;-2;-1134
-36;-4;-1107
-32;-9;-1110
-42;-13;-1084
-35;-10;-1095
-40;-20;-1094
-36;-13;-1094
-31;-13;-1085
-42;-6;-1086
-40;-13;-1080
-40;-10;-1129
-37;4;-1118
-39;-8;-1110
-36;-4;-1079
-32;-9;-1134
-35;-6;-1128
-35;-2;-1115
-36;0;-1100
-33;-5;-1086
-34;-1;-1091
-43;-8;-1120
-31;-5;-1079
-38;-16;-1086
-47;-8;-1139
-37;-10;-1103
-40;-1;-1120
-42;-7;-1090
-36;-12;-1135
-40;-10;-1145
-37;-7;-1087
-33;-5;-1080
-32;-9;-1124
-40;-7;-1138
-38;-10;-1140
-43;-7;-1138
-32;-9;-1122
-40;1;-1114
-38;-6;-1130
-39;-14;-1133
-42;-5;-1136
-45;-10;-1108
-41;-8;-1107
-44;-7;-1102
-36;-12;-1094
-37;-7;-1133
-49;-5;-1106
-40;-12;-1107
-33;-4;-1086
-42;-17;-1094
-33;-16;-1133
-46;-12;-1111
-41;-5;-1098
-44;-8;-1109
-32;-8;-1120
-34;0;-1099
-38;-13;-1093
-43;-5;-1102
-38;-13;-1091
-36;-4;-1132
-35;-9;-1124
-31;-12;-1142
-36;-3;-1132
-29;-14;-1125
-40;-3;-1143
-43;-4;-1134
-29;-7;-1109
-46;-15;-1130
-46;-20;-1128
-42;-16;-1125
-36;-4;-1094
-39;-4;-1096
-32;-13;-1124
-39;-9;-1079
-34;-4;-1131
-45;-7;-1095
-43;-1;-1099
-42;-19;-1116
-41;-11;-1128
-42;-4;-1114
-37;-8;-1105
-36;-12;-1103
-40;-10;-1099
-51;-8;-1089
-27;-5;-1080
-39;-17;-1089
-31;-13;-1082
-30;-3;-1103
-40;-12;-1097
-35;-10;-1122
-33;-14;-1127
-36;-21;-1112
-53;-16;-1106
-24;1;-1115
-39;-7;-1116
-42;-5;-1143
-28;-13;-1130
-50;-14;-1118
-44;-1;-1106
-40;-15;-1108
-40;-10;-1126
-34;2;-1133
-37;-7;-1100
-27;-8;-1124
-42;-7;-1089
-43;-14;-1120
-33;-18;-1112
-38;-8;-1121
-39;-10;-1129
-40;-9;-1091
-44;15;-1148
-33;-4;-1110
-36;-19;-1115
-39;-7;-1104
-37;-15;-1115
-38;-6;-1137
-43;-5;-1134
-40;-8;-1130
-51;-16;-1111
-40;-15;-1083
-46;-3;-1080
-55;-27;-1121
-30;-22;-1128
-43;-12;-1131
-41;-13;-1128
-50;-3;-1124
-32;-9;-1116
-26;-11;-1091
-45;-16;-1077
-39;-14;-1125
-35;-6;-1121
-39;-13;-1133
-55;5;-1087
-35;-11;-1132
-38;-3;-1124
-34;-7;-1123
-32;-9;-1130
-37;-11;-1090
-35;-5;-1148
-36;-2;-1143
-41;-12;-1127
-39;-14;-1094
-30;-12;-1100
-45;-16;-1084
-41;-12;-1095
-36;-10;-1080
-37;0;-1136
-36;-8;-1104
-43;11;-1093
-42;-6;-1100
-37;-12;-1093
-34;-2;-1145
-38;-5;-1088
-35;-11;-1093
-41;-3;-1105
-43;-8;-1124
-27;-2;-1115
-41;-15;-1098
-37;-7;-1103
-41;-10;-1102
-43;-7;-1100
-44;-16;-1123
-39;-11;-1125
-32;-12;-1097
-44;3;-1105
-34;-9;-1139
-34;-23;-1126
-40;-10;-1118
-48;-9;-1104
-34;-12;-1105
-37;-14;-1119
-49;2;-1123
-39;-17;-1115
-36;-16;-1126
-45;-8;-1088
-38;-15;-1132
-45;-15;-1131
-32;-12;-1117
-30;-9;-1106
-38;-5;-1119
-45;4;-1096
-37;-7;-1107
-44;-17;-1100
-47;-18;-1140
-40;-11;-1088
-41;-13;-1124
-40;-20;-1123
-39;-5;-1119
-46;-3;-1090
-25;-13;-1106
-39;-8;-1087
-33;-8;-1088
-35;-5;-1102
-38;3;-1079
-39;-13;-1109
-40;-6;-1135
-32;-13;-1086
-43;-10;-1104
-21;-12;-1106
-39;-15;-1109
-38;-7;-1118
-45;-12;-1139
-29;-13;-1084
-31;-16;-1121
-32;-8;-1114
-39;-9;-1120
-39;-19;-1107
-39;-16;-1138
-40;2;-1129
-34;-10;-1129
-44;-9;-1124
-45;-2;-1133
-39;-7;-1130
-33;-10;-1100
-43;-6;-1114
-42;-9;-1132
-40;-14;-1131
-37;9;-1145
-42;-1;-1129
-32;-10;-1123
-35;-1;-1107
-39;-10;-1137
-42;-23;-1139
-35;-12;-1136
-36;-17;-1123
-50;-10;-1099
-36;-8;-1113
-41;-14;-1138
-44;-8;-1141
-37;3;-1081
-30;-16;-1108
-44;-22;-1119
-38;-10;-1120
-22;1;-1103
-50;-8;-1132
-39;-10;-1144
-33;0;-1111
-43;-18;-1102
-42;-22;-1089
-43;-11;-1122
-40;-6;-1088
-43;-17;-1078
-30;-1;-1119
-36;-9;-1131
-40;-9;-1130
-43;-12;-1132
-32;-10;-1112
-34;1;-1128
-38;-18;-1097
-30;-4;-1136
-37;-5;-1121
-38;-14;-1119
-32;-12;-1107
-38;2;-1129
-37;-15;-1121
-29;-14;-1130
-45;-4;-1100
-35;-8;-1119
-33;-2;-1124
-44;-11;-1115
-27;-46;-1030
-89;15;-1109
-50;5;-1116
-76;1;-1113
-28;-15;-1112
-21;21;-1125
-21;-26;-1130
-38;-8;-1128
-10;9;-1136
-25;-3;-1121
-13;-10;-1127
-9;33;-1126
-35;-10;-1103
16;-13;-1134
-52;-54;-1076
-39;23;-1105
-29;-10;-1114
-53;-46;-1068
-41;-30;-1078
-45;-39;-1119
-37;-37;-1075
-160;12;-1066
35;-55;-1085
-6;4;-1098
-23;-27;-1063
-37;16;-1095
-51;-18;-1075
-42;-20;-1103
-31;-22;-1111
-30;-7;-1127
-45;-26;-1134
-39;-21;-1107
-30;7;-1124
-39;-5;-1114
-32;3;-1137
-34;8;-1131
-28;-7;-1106
-41;-15;-1124
-23;-3;-1108
-50;-14;-1117
-33;9;-1134
-28;-21;-1100
-43;-10;-1081
-36;-6;-1091
-32;-17;-1108
-52;3;-1129
-36;-15;-1117
-36;4;-1086
-50;-8;-1080
-20;-11;-1113
-27;-10;-1091
-36;0;-1111
-34;-9;-1114
-41;-6;-1120
-33;-5;-1126
-46;-6;-1124
-36;2;-1088
-45;-14;-1137
-41;-3;-1133
-38;-13;-1115
-38;-13;-1138
-40;-10;-1103
-34;-12;-1093
-34;-3;-1107
-37;-11;-1118
-37;-16;-1100
-34;-6;-1094
-33;-9;-1103
-33;0;-1097
-35;-3;-1090
-39;-3;-1109
-39;-11;-1091
-42;-6;-1088
-41;-15;-1082
-38;-7;-1084
-37;-16;-1091
-43;-15;-1116
-31;-12;-1093
-34;0;-1096
-32;-7;-1082
-45;-11;-1081
-35;-12;-1077
-40;-3;-1126
-42;-9;-1078
-39;-7;-1109
-44;-11;-1095
-35;-9;-1126
-40;-14;-1088
-45;-10;-1125
-42;-2;-1141
-37;-9;-1141
-27;-11;-1141
-48;0;-1101
-31;-11;-1107
-33;-5;-1130
-47;-17;-1082
-36;-10;-1092
-40;-16;-1092
-46;-3;-1096
-39;-7;-1103
-34;-3;-1134
-34;-14;-1121
-43;-15;-1135
-35;-10;-1138
-36;-17;-1092
-48;-10;-1107
-31;-13;-1131
-37;-10;-1125
-37;-2;-1128
-39;-6;-1124
-42;-6;-1132
-42;-1;-1132
-37;-10;-1132
-32;-5;-1131
-42;-1;-1094
-33;-12;-1125
-46;-16;-1101
-32;-15;-1101
-39;-7;-1098
-42;0;-1104
-43;-7;-1138
-31;-6;-1075
-40;-6;-1076
-37;1;-1093
-37;-12;-1104
-40;-1;-1103
-35;-10;-1097
-45;-14;-1123
-38;-14;-1084
-35;-11;-1100
-42;-1;-1115
-41;2;-1128
-49;-6;-1128
-32;-1;-1105
-31;-5;-1105
-36;0;-1112
-32;-9;-1083
-36;-9;-1088
-44;-7;-1126
-39;-5;-1089
-34;0;-1088
-41;-17;-1075
-48;-1;-1125
-31;-13;-1117
-41;-11;-1090
-42;-7;-1083
-35;-3;-1117
-39;0;-1123
-41;-10;-1108
-43;-14;-1107
-30;-3;-1118
-38;-15;-1106
-32;-9;-1076
-29;-13;-1123
-44;-10;-1118
-36;-15;-1120
-28;-9;-1083
-41;-14;-1100
-40;-4;-1121
-40;-4;-1123
-33;-7;-1142
-34;-14;-1127
-43;-4;-1110
-37;-11;-1124
-37;0;-1137
-46;-2;-1148
-38;-15;-1144
-35;-9;-1117
-45;-4;-1111
-33;-6;-1131
-40;-8;-1127
-39;-4;-1139
-35;2;-1136
-47;-4;-1123
-40;-8;-1095
-41;-7;-1141
-36;-15;-1099
-36;-15;-1093
-36;-10;-1097
-33;-8;-1095
-38;-5;-1093
-47;-11;-1088
-38;-3;-1092
-46;-6;-1095
-36;-10;-1138
-33;-8;-1145
-29;-1;-1143
-36;-6;-1123
-38;-7;-1111
-39;-15;-1135
-42;-8;-1140
-35;-7;-1140
-42;-14;-1139
-34;-8;-1106
-48;-4;-1109
-28;-24;-1133
-36;-15;-1135
-34;-4;-1093
-45;-10;-1082
-45;-16;-1088
-31;-12;-1128
-43;-14;-1135
-37;-6;-1120
-43;-15;-1119
-39;-14;-1078
-33;-21;-1096
-43;-9;-1106
-42;-6;-1132
-36;-7;-1128
-34;-2;-1123
-40;2;-1077
-35;-1;-1080
-45;-7;-1099
-46;-10;-1121
-30;-2;-1095
-36;-13;-1084
-41;-18;-1096
-39;0;-1083
-37;-7;-1109
-44;-9;-1105
-45;-3;-1085
-36;-6;-1100
-36;-8;-1130
-43;-2;-1105
-43;-10;-1102
-40;-16;-1097
-34;-4;-1080
-46;-8;-1072
-42;-7;-1098
-32;-11;-1089
-41;-11;-1113
-34;2;-1090
-39;0;-1097
-46;-12;-1104
-34;-7;-1124
-45;-4;-1115
-44;-2;-1100
-44;-12;-1107
-42;3;-1078
-35;-1;-1079
-47;-11;-1091
-43;-7;-1103
-39;-10;-1114
-39;-13;-1083
-40;-13;-1125
-38;0;-1120
-40;-8;-1115
-43;-10;-1104
-38;-8;-1122
-28;-6;-1130
-43;-16;-1121
-46;-7;-1128
-38;-10;-1125
-47;-6;-1108
-41;-18;-1118
-34;-9;-1130
-37;4;-1138
-41;-6;-1125
-34;-8;-1137
-41;1;-1124
-34;-8;-1118
-37;-13;-1142
-31;-12;-1138
-41;-11;-1112
-34;0;-1124
-32;-12;-1102
-33;0;-1121
-32;-18;-1113
-39;-3;-1085
-52;-29;-1120
-37;-22;-1110
-49;11;-1129
-43;-21;-1130
-46;1;-1092
-40;-11;-1122
-30;-4;-1119
-43;-5;-1113
-42;-11;-1124
-39;-14;-1133
-44;-16;-1090
-36;-13;-1136
-33;-24;-1134
-41;-11;-1120
-31;-10;-1123
-34;-12;-1090
-37;-12;-1092
-32;-1;-1095
-39;-13;-1116
-37;-7;-1096
-41;-6;-1119
-34;-14;-1113
-31;-13;-1083
-33;-2;-1091
-45;-5;-1090
-40;-10;-1102
-37;-10;-1091
-40;-8;-1087
-36;-3;-1089
-34;-14;-1091
-41;-12;-1086
-30;-8;-1084
-35;-6;-1103
-37;-6;-1118
-42;-13;-1118
-36;-15;-1089
-38;-7;-1085
-35;-7;-1133
-41;-6;-1122
-38;-8;-1124
-38;-1;-1132
-42;-11;-1143
-43;-7;-1123
-37;-10;-1112
-32;3;-1133
-35;-19;-1122
-41;-11;-1129
-36;-14;-1144
-42;-12;-1131
-38;-11;-1127
-43;-4;-1130
-35;11;-1134
-46;-10;-1146
-39;-10;-1139
-35;-6;-1121
-52;-11;-1111
-38;-7;-1117
-46;-10;-1129
-35;-15;-1118
-34;-11;-1133
-42;-11;-1121
-37;-15;-1129
-35;-4;-1128
-41;-2;-1121
-41;-9;-1123
-41;-13;-1136
-38;-10;-1129
-39;-8;-1115
-34;-6;-1114
-42;-6;-1101
-39;-10;-1101
-37;-8;-1121
-30;-4;-1114
-38;-12;-1098
-37;-18;-1123
-39;-6;-1127
-37;-8;-1124
-44;-13;-1090
-36;-5;-1089
-45;0;-1108
-37;-11;-1105
-37;-8;-1096
-47;-2;-1095
-30;-15;-1084
-44;-3;-1084
-37;-3;-1097
-41;-14;-1097
-43;-11;-1108
-36;-4;-1115
-41;-3;-1108
-38;-9;-1096
-46;-2;-1089
-40;-8;-1086
-37;-8;-1097
-38;-15;-1092
-38;-7;-1131
-43;-19;-1094
-41;-8;-1134
-39;-1;-1125
-47;-10;-1117
-34;-8;-1135
-39;-7;-1104
-38;-13;-1132
-41;-8;-1108
-39;1;-1108
-38;-10;-1131
-35;-11;-1130
-41;-10;-1132
-37;-8;-1112
-28;-5;-1111
-40;-9;-1096
-35;-7;-1100
-45;-7;-1092
-34;-7;-1141
-43;-8;-1112
-34;-1;-1113
-37;-16;-1129
-43;-10;-1096
-40;-13;-1092
-40;-13;-1123
-40;-3;-1096
-47;-12;-1133
-39;-7;-1122
-36;-9;-1130
-38;-16;-1133
-44;-14;-1085
-41;-9;-1084
-38;-4;-1093
-41;-5;-1127
-39;-9;-1069
-39;-1;-1104
-33;-2;-1112
-36;-11;-1130
-46;-11;-1111
-32;-2;-1073
-29;-8;-1081
-40;-12;-1080
-35;-4;-1121
-30;-4;-1108
-32;-5;-1129
-39;-13;-1138
-43;-12;-1078
-33;-13;-1092
-36;-4;-1102
-35;-4;-1083
-42;-3;-1091
-41;-7;-1084
-40;2;-1110
-38;-14;-1120
-37;-10;-1078
-40;-11;-1079
-30;-6;-1092
-40;-7;-1094
-37;-11;-1124
-35;-9;-1135
-38;-1;-1137
-38;-8;-1090
-39;-6;-1117
-37;-12;-1119
-38;0;-1095
-40;-10;-1088
-41;-14;-1092
-42;-11;-1091
-28;-7;-1084
-38;-3;-1130
-35;-11;-1131
-41;-8;-1114
-40;0;-1132
-35;-8;-1141
-35;-17;-1104
-41;-6;-1105
-43;-4;-1129
-40;-8;-1092
-38;-8;-1081
-34;-8;-1141
-33;-14;-1123
-32;-4;-1130
-34;-12;-1130
-36;-9;-1133
-43;-1;-1103
-43;-3;-1134
-34;-5;-1123
-41;-6;-1137
-37;-16;-1116
-34;-11;-1091
-34;-7;-1125
-42;-19;-1133
-39;-10;-1134
-50;-17;-1117
-35;-10;-1096
-25;2;-1128
-37;-11;-1136
-41;-3;-1139
-39;-6;-1083
-44;-5;-1098
-34;-4;-1106
-39;-1;-1103
-42;-1;-1111
-28;-8;-1097
-52;-12;-1122
-37;-18;-1080
-38;4;-1094
-33;-14;-1099
-39;0;-1111
-47;-12;-1081
-33;-1;-1099
-37;2;-1105
-40;-13;-1098
-38;-14;-1091
-40;-10;-1128
-45;2;-1115
-36;-11;-1129
-28;-10;-1124
-36;5;-1101
-42;-11;-1099
-68;-22;-1083
-36;-18;-1129
-35;-2;-1125
-33;-6;-1130
-42;-6;-1095
-37;-2;-1120
-41;3;-1097
-34;-9;-1093
-42;-7;-1087
-42;-13;-1092
-29;1;-1136
-38;-7;-1108
-44;-9;-1109
-35;-16;-1099
-41;-1;-1086
-44;-7;-1117
-41;-7;-1114
-35;1;-1120
-38;-9;-1109
-34;-2;-1095
-37;-8;-1095
-40;-1;-1099
-37;-17;-1123
-42;-4;-1136
-39;3;-1114
-49;-17;-1112
-38;0;-1120
-41;-5;-1127
-43;-7;-1135
-35;-14;-1117
-38;-7;-1115
-36;-2;-1080
-33;-6;-1093
-41;-10;-1084
-32;-13;-1102
-37;-16;-1118
-41;-10;-1094
-38;-5;-1124
-31;-1;-1145
-40;-9;-1092
-38;-12;-1134
-43;-8;-1121
-43;-6;-1127
-39;-10;-1119
-36;-3;-1088
-40;-17;-1089
-59;-16;-1080
-54;-9;-1107
-16;-11;-1111
-59;-17;-1094
-27;-9;-1121
-27;-12;-1087
-50;-3;-1091
-45;-12;-1135
-29;-11;-1135
-51;-11;-1132
-44;-13;-1099
-25;0;-1132
-43;-10;-1124
-44;-10;-1084
-35;-4;-1093
-51;-16;-1092
-44;-8;-1092
-31;-7;-1123
-34;-9;-1111
-49;-14;-1104
-66;5;-1094
-41;-1;-1115
-52;-7;-1097
-30;-9;-1091
-29;-14;-1122
-30;-10;-1118
-57;-11;-1122
-47;-7;-1119
-27;-9;-1134
-37;-15;-1127
-43;-12;-1119
-30;-9;-1119
-49;-8;-1130
-44;-13;-1090
-35;-7;-1095
2;-14;-1096
-86;-11;-1088
-21;-2;-1087
-21;-20;-1075
-57;-16;-1088
-35;2;-1102
-62;-2;-1095
-38;-1;-1125
-72;-19;-1089
3;-15;-1076
-78;-2;-1080
-30;-3;-1133
-18;0;-1098
-78;-10;-1144
-47;-7;-1088
-26;-2;-1099
-64;-19;-1107
-32;-9;-1101
-34;-4;-1110
-38;-3;-1125
-31;-12;-1102
-29;-14;-1122
-19;-2;-1121
-55;-9;-1124
-69;-12;-1133
5;-10;-1122
-44;-14;-1119
-63;-8;-1124
-7;-6;-1098
-49;-13;-1101
-72;-6;-1098
-43;7;-1125
-17;-11;-1112
-80;-23;-1099
-92;0;-1086
79;0;-1100
-68;-18;-1105
-111;1;-1131
-116;1;-1086
13;-2;-1094
15;-14;-1115
-77;-15;-1123
-78;-3;-1128
-65;5;-1099
-5;7;-1121
-60;-10;-1087
-48;-6;-1082
-32;-6;-1114
-33;-12;-1119
-57;-12;-1124
-45;1;-1142
-49;-3;-1087
-32;-14;-1093
-57;-9;-1090
-51;-7;-1081
-14;-8;-1115
-45;15;-1126
-78;0;-1112
4;-19;-1115
-55;5;-1093
-113;-8;-1086
-10;2;-1113
-10;-10;-1122
-45;-6;-1098
-58;-2;-1080
-23;-4;-1109
-41;-15;-1109
-48;-10;-1071
44;-22;-1069
-40;5;-1141
-53;11;-1122
8;-19;-1122
-58;-9;-1135
-88;-10;-1071
-24;-1;-1111
-40;-6;-1081
-44;-6;-1089
-35;-9;-1084
-34;-8;-1089
-42;-8;-1093
-42;-12;-1142
-34;-3;-1137
-39;-13;-1127
-37;-8;-1112
-34;-6;-1145
-41;0;-1141
-38;-6;-1101
-42;-18;-1079
-37;-3;-1089
-43;-2;-1086
-37;-9;-1089
-43;-3;-1131
-42;-14;-1092
-37;-17;-1084
-34;-10;-1092
-39;-10;-1089
-33;-7;-1095
-37;-13;-1086
-39;-11;-1123
-40;-12;-1135
-41;-5;-1142
-32;-7;-1133
-40;-14;-1104
-43;-18;-1101
-31;-7;-1097
-34;-10;-1082
-38;0;-1121
-34;-16;-1126
-38;-11;-1091
-41;-7;-1092
-43;-15;-1134
-36;-23;-1097
-38;-9;-1093
-45;-5;-1088
-35;-8;-1083
-39;-11;-1081
-44;-4;-1130
-43;-7;-1137
-43;-10;-1130
-33;-7;-1121
-32;-11;-1087
-32;-3;-1147
-41;-8;-1127
-34;-10;-1130
-42;-4;-1118
-31;-10;-1141
-40;-10;-1100
-38;-13;-1143
-38;-7;-1140
-34;-2;-1128
-43;-5;-1112
-44;-6;-1081
-42;-8;-1098
-42;-4;-1085
-35;-1;-1107
-41;-11;-1107
-37;-13;-1104
-31;-1;-1085
-41;-9;-1100
-42;-13;-1094
-43;-8;-1073
-41;-5;-1106
-41;-4;-1076
-39;-3;-1108
-35;-11;-1105
-39;-12;-1100
-39;-10;-1119
-32;-2;-1087
-38;-4;-1072
-37;-6;-1109
-37;-2;-1114
-35;-10;-1108
-38;-8;-1133
-46;-13;-1130
-35;4;-1106
-44;-7;-1111
-37;-11;-1115
-36;-10;-1117
-34;-13;-1113
-38;-3;-1101
-42;-15;-1100
-42;-2;-1115
-39;-9;-1111
-35;-12;-1108
-40;-3;-1100
-37;-9;-1095
-40;-7;-1122
-43;-16;-1110
-37;-2;-1094
-41;-3;-1086
-37;-3;-1094
-38;-3;-1099
-38;-2;-1098
-37;-7;-1093
-37;-7;-1097
-43;-10;-1086
-36;-19;-1087
-40;-6;-1118
-38;-15;-1104
-43;-3;-1084
-42;-16;-1086
-38;-5;-1145
-30;-3;-1084
-41;-7;-1115
-38;-7;-1088
-33;-10;-1124
-46;-7;-1074
-39;-3;-1133
-40;-4;-1128
-35;-17;-1124
-36;-11;-1113
-40;-13;-1126
-30;-11;-1077
-37;-3;-1080
-38;-8;-1131
-31;-7;-1102
-42;-7;-1106
-45;-1;-1124
-46;-10;-1092
-39;-3;-1107
-39;-8;-1085
-46;-12;-1115
-41;-1;-1082
-38;-10;-1131
-39;-4;-1077
-35;-12;-1088
-37;-7;-1084
-45;0;-1083
-37;-6;-1089
-40;-4;-1121
-40;-6;-1123
-35;-3;-1121
-41;-12;-1080
-37;-6;-1099
-42;-4;-1131
-36;-6;-1125
-35;-6;-1127
-36;-9;-1120
-41;-1;-1093
-42;-9;-1138
-39;-7;-1130
-38;-12;-1103
-41;-1;-1103
-37;-1;-1130
-44;-6;-1132
-39;-10;-1105
-44;-14;-1093
-37;2;-1085
-35;-11;-1095
-38;-4;-1091
-45;1;-1125
-47;-3;-1132
-33;-16;-1121
-33;-3;-1092
-24;-6;-1097
-36;-4;-1100
-44;-20;-1084
-42;-7;-1090
-38;-10;-1101
-39;-3;-1108
-37;-15;-1097
-36;-9;-1086
-40;-11;-1084
-45;-11;-1103
-35;-18;-1108
-36;-18;-1135
-42;2;-1128
-36;-6;-1116
-39;-2;-1112
-42;-10;-1121
-35;-10;-1132
-36;-12;-1131
-38;-10;-1133
-44;-17;-1127
-43;-9;-1132
-43;-10;-1115
-36;-5;-1102
-43;-1;-1094
-38;-4;-1096
-40;-11;-1101
-41;-11;-1114
-44;-4;-1085
-37;-14;-1101
-43;-6;-1095
-40;-13;-1102
-35;-8;-1088
-39;-7;-1118
-40;-6;-1115
-32;-17;-1119
-37;-19;-1126
-38;-15;-1111
-35;-13;-1100
-42;-3;-1099
-39;2;-1133
-42;-4;-1073
-40;-14;-1127
-38;-10;-1120
-37;-12;-1116
-34;-1;-1121
-34;-12;-1134
-39;-3;-1134
-33;0;-1126
-41;-7;-1120
-40;-7;-1133
-39;2;-1147
-37;-9;-1101
-38;-9;-1119
-38;-4;-1118
-46;-3;-1135
-42;-2;-1134
-34;-6;-1094
-40;-8;-1136
-50;-21;-1098
-42;-13;-1122
-40;-10;-1113
-43;-19;-1091
-39;-12;-1112
-36;-11;-1104
-44;-17;-1098
-40;-15;-1084
-31;-9;-1094
-34;-15;-1089
-38;1;-1101
-52;0;-1119
-32;-14;-1107
-48;-3;-1092
-43;-4;-1091
-46;-1;-1120
-35;-12;-1075
-48;-9;-1089
-35;-6;-1118
-39;-10;-1136
-35;-7;-1137
-40;-7;-1134
-43;-15;-1124
-33;2;-1133
-34;-6;-1081
-37;-7;-1135
-36;-2;-1129
-31;-4;-1126
-46;-2;-1122
-43;-4;-1128
-41;-8;-1139
-44;-3;-1131
-39;-14;-1100
-41;-7;-1096
-43;-7;-1120
-32;-10;-1090
-30;-14;-1108
-41;-2;-1085
-37;-4;-1103
-38;-12;-1102
-44;-10;-1087
-39;-15;-1097
-41;-10;-1092
-36;-7;-1094
-40;7;-1095
-43;3;-1102
-37;-14;-1092
-39;-8;-1135
-42;-6;-1133
-24;-10;-1083
-39;-9;-1081
-44;-15;-1089
-33;-13;-1099
-43;-7;-1097
-38;-4;-1106
-36;-14;-1090
-35;0;-1115
-38;-7;-1093
-36;-12;-1131
-40;-8;-1105
-39;-8;-1131
-37;-3;-1132
-35;-12;-1146
-45;-10;-1116
-40;-10;-1127
-37;-10;-1121
-39;-12;-1126
-39;-12;-1128
-45;-5;-1117
-32;-12;-1128
-41;-11;-1134
-36;-11;-1091
-44;-2;-1099
-37;-9;-1088
-37;-15;-1130
-42;-11;-1121
-38;-13;-1089
-37;-13;-1114
-38;4;-1130
-37;-13;-1100
-42;-11;-1083
-41;-5;-1121
-37;-4;-1108
-44;-7;-1121
-37;-7;-1117
-43;-6;-1097
-41;-9;-1087
-43;0;-1089
-37;-10;-1092
-32;-24;-1112
-47;-15;-1112
-37;-10;-1086
-43;-8;-1127
-41;-10;-1132
-40;-7;-1131
-44;-5;-1112
-42;-14;-1091
-44;-6;-1089
-38;-9;-1096
-32;-16;-1088
-34;-10;-1103
-40;-5;-1093
-38;-1;-1118
-43;-9;-1089
-36;1;-1089
-37;-11;-1093
-33;-5;-1080
-38;-14;-1122
-36;-2;-1080
-43;-18;-1088
-40;-12;-1076
-38;-2;-1099
-32;-6;-1092
-46;-18;-1124
-41;-12;-1068
-32;-13;-1084
-43;-23;-1080
-35;-8;-1117
-41;-10;-1127
-41;-7;-1092
-40;-1;-1137
-41;-11;-1124
-26;-4;-1124
-36;-10;-1122
-40;-12;-1127
-34;-12;-1080
-45;-9;-1137
-42;-11;-1116
-34;-4;-1102
-40;-19;-1119
-33;-7;-1133
-35;-13;-1139
-35;-8;-1112
-33;-8;-1109
-38;-15;-1136
-42;-9;-1127
-42;-4;-1139
-43;-15;-1129
-39;-9;-1094
-36;-4;-1143
-36;-10;-1137
-40;-11;-1132
-42;-4;-1089
-34;-13;-1131
-45;-5;-1135
-34;-8;-1128
-45;-12;-1135
-39;-10;-1100
-39;-7;-1101
-47;-11;-1130
-39;-10;-1141
-44;-15;-1137
-40;-11;-1124
-38;-14;-1124
-32;2;-1105
-40;-8;-1085
-30;-11;-1083
-37;-14;-1117
-28;-10;-1105
-10;-1;-1135
-35;12;-1112
-54;-15;-1086
-39;-1;-1141
-32;-7;-1106
-38;2;-1110
-40;-9;-1095
-38;-7;-1088
-41;-15;-1110
-39;-10;-1099
-50;-15;-1112
-41;-11;-1100
-38;-12;-1115
-29;-11;-1087
-50;-12;-1100
-37;-1;-1114
-33;-3;-1098
-34;-8;-1092
-44;-8;-1104
-43;-13;-1116
-35;2;-1119
-37;-10;-1111
-32;-10;-1110
-36;-1;-1077
-37;0;-1110
-37;-12;-1120
-36;-7;-1116
-43;-11;-1089
-41;-8;-1127
-41;-10;-1123
-32;-7;-1108
-40;-9;-1144
-41;-13;-1122
-34;-10;-1132
-37;-21;-1139
-37;-15;-1111
-41;-7;-1126
-36;-2;-1129
-39;-12;-1136
-35;-10;-1104
-34;-15;-1118
-36;-3;-1100
-38;-2;-1090
-40;-2;-1095
-40;-14;-1080
-44;-5;-1133
-39;-14;-1119
-39;-5;-1122
-39;-9;-1110
-42;-8;-1146
-38;-8;-1135
-36;-3;-1117
-32;-15;-1086
-41;-9;-1088
-36;-8;-1078
-35;-5;-1080
-47;-9;-1091
-47;-12;-1085
-37;-11;-1076
-41;-11;-1093
-38;-8;-1091
-39;-10;-1090
-33;-4;-1087
-43;-21;-1086
-36;-10;-1128
-40;-11;-1127
-48;-10;-1142
-38;-9;-1097
-36;-9;-1079
-31;-1;-1102
-33;-7;-1110
-37;-12;-1098
-39;-8;-1083
-40;-9;-1095
-39;-12;-1095
-36;-8;-1100
-38;-8;-1100
-40;-13;-1074
-46;-8;-1101
-44;-10;-1103
-38;-13;-1094
-36;-9;-1126
-37;-7;-1097
-41;-13;-1123
-37;-18;-1097
-41;-14;-1140
-44;-3;-1144
-35;-12;-1132
-40;-12;-1102
-47;-11;-1121
-48;-5;-1124
-38;-11;-1130
-35;-5;-1132
-37;-7;-1134
-35;-10;-1127
-44;-11;-1121
-49;-9;-1127
-33;-11;-1123
-35;-4;-1134
-39;-17;-1086
-33;-7;-1078
-41;-7;-1093
-42;-16;-1090
-42;-8;-1107
-39;-9;-1100
-32;-5;-1112
-37;-11;-1135
-38;-5;-1083
-33;-8;-1115
-40;-5;-1119
-35;-12;-1104
-40;-9;-1119
-39;-10;-1132
-41;-2;-1090
-35;-3;-1117
-41;-11;-1121
-43;-9;-1097
-116;-1828;-248
90;-52;-1412
-64;-34;-1093
-86;-15;-1025
-49;-30;-1112
-40;-29;-1125
-35;-22;-1074
-12;-4;-1130
-50;-5;-1117
-49;-23;-1111
-53;-30;-1105
-62;5;-1108
-28;-6;-1129
-43;-8;-1133
-37;2;-1116
-66;-901;-788
-22;113;-1178
-16;25;-1136
18;29;-1079
-52;-38;-1151
-22;-32;-1112
-19;-16;-1141
-41;20;-1129
-33;19;-1128
-33;-24;-1102
-26;16;-1139
-44;-21;-1149
-43;-6;-1130
-34;5;-1110
-126;-245;-715
-43;-18;-1046
-39;-14;-1088
-38;-8;-1098
-49;-4;-1139
-20;-3;-1124
-10;13;-1109
-52;14;-1078
-40;-7;-1094
-112;4;-1094
-45;0;-1084
-13;-4;-1146
-56;39;-1083
-68;-32;-1096
-29;-21;-1070
-373;628;-2048
-146;-117;-1059
-57;-24;-1047
-39;117;-1109
-43;-118;-1396
-22;-123;-1143
-79;75;-1119
-62;63;-1088
-56;-5;-1065
-21;-6;-1148
-12;-7;-1099
-47;167;-1268
-8;-11;-1131
217;275;-1435
-22;36;-1078
-26;-18;-1141
-73;-85;-1088
-64;-14;-1098
-24;-2;-1108
-46;1;-1142
-33;-12;-1115
-19;0;-1154
-51;0;-1107
-52;-14;-1130
-33;-16;-1139
-32;-15;-1142
-43;-5;-1100
-40;-10;-1109
-26;-13;-1100
-39;-10;-1121
-42;-14;-1127
-29;-12;-1108
-46;-10;-1104
-44;-13;-1102
-42;0;-1130
-31;-260;-1229
-67;-74;-1136
-5;-17;-1126
-32;-14;-1123
-28;-30;-1128
-43;-12;-1131
-41;-4;-1131
-36;4;-1143
-31;-8;-1117
-37;0;-1090
-37;-8;-1094
-51;0;-1154
-72;21;-1106
-16;-44;-1080
-45;11;-1087
-64;-50;-1054
-27;-26;-1112
-56;20;-1132
-51;-8;-1078
-33;-21;-1077
-34;-20;-1078
-41;-12;-1084
-35;-14;-1094
-33;-3;-1116
-44;-8;-1125
-39;-2;-1129
-42;-22;-1122
-34;1;-1132
-32;-1;-1103
-28;-3;-1109
-42;-21;-1117
-40;-1;-1100
-33;-14;-1090
-29;-14;-1107
-44;-12;-1119
-31;-6;-1097
-46;-11;-1088
-42;-1;-1097
218;149;-1572
69;179;-1253
7;150;-972
-7;-4;-1240
-40;-93;-1093
-24;-1;-1116
-40;-31;-1061
-38;19;-1095
-26;19;-1155
-31;20;-1085
-43;-49;-1080
-37;-34;-1044
-44;-3;-1100
-37;12;-1104
-35;19;-1125
-35;7;-1140
-36;20;-1124
-34;-25;-1129
-48;-7;-1130
-42;-22;-1106
-36;-10;-1115
-40;3;-1135
-35;2;-1138
-45;-14;-1144
-44;-14;-1136
-45;-15;-1124
-33;-10;-1132
-40;-6;-1129
-39;-6;-1124
-35;-6;-1135
-33;-17;-1131
-47;-12;-1126
-48;-18;-1121
-40;-9;-1128
-40;-13;-1137
-46;-9;-1123
-42;-10;-1118
-39;4;-1130
-38;-2;-1124
-44;-2;-1124
-34;9;-1141
-36;-7;-1107
-36;-4;-1106
-37;-11;-1098
-35;-4;-1102
-43;-11;-1107
-39;-2;-1118
-33;-1;-1116
-44;-18;-1110
-44;-4;-1112
4;-28;-1027
-250;290;-1630
-56;5;-1203
9;-29;-996
-41;-79;-1037
-40;92;-1114
-114;146;-1188
-101;58;-1160
-124;-3;-1132
-29;-44;-1059
20;47;-1046
-30;38;-1152
-30;10;-1113
-41;-24;-1124
-43;16;-1130
-166;-215;-944
-52;-40;-1131
-48;3;-1143
-26;4;-1122
-36;-25;-1138
-35;-8;-1109
-41;-12;-1121
-42;0;-1118
-38;-8;-1133
-33;-20;-1089
-27;3;-1110
-49;1;-1141
-26;-15;-1122
-52;-20;-1136
-36;7;-1104
-26;-6;-1161
-40;-7;-1080
-67;-64;-1052
-19;16;-1143
-36;13;-1090
0;-18;-1119
131;-289;-903
-10;10;-1224
-9;14;-1022
-32;7;-1116
-39;-38;-1098
-41;-22;-1106
-45;-36;-1080
-50;-39;-1019
-18;17;-1050
172;-182;-1214
-51;11;-1144
-29;-13;-1097
-25;18;-1145
-50;55;-1092
-43;-23;-1095
-41;-11;-1064
-41;-19;-1124
-33;5;-1132
-38;14;-1113
-40;-2;-1119
-32;-5;-1114
-35;-15;-1131
-33;4;-1096
-39;-8;-1074
-36;-23;-1117
-34;-3;-1077
-43;-13;-1095
-42;-8;-1097
-39;-4;-1078
-36;-8;-1075
-29;-4;-1106
-35;-10;-1117
-37;-4;-1102
-37;-15;-1136
-43;-2;-1082
-43;-7;-1083
-41;-20;-1148
-38;-18;-1112
-43;18;-1136
-31;-6;-1136
-41;1;-1121
-42;-6;-1107
-43;-20;-1110
-26;-2;-1137
-38;-31;-1078
-17;-26;-1128
-28;-35;-1083
-23;8;-1096
-44;-16;-1083
-32;-2;-1142
-31;-7;-1155
-40;-7;-1115
-34;3;-1113
-39;-24;-1114
-37;-2;-1130
-38;-28;-1132
-52;-13;-1138
-36;-8;-1132
130;12;-1104
-79;5;-1159
-107;-110;-1063
-15;34;-1093
-53;-12;-1120
-37;-32;-1107
-38;35;-1108
-40;-24;-1116
-41;17;-1096
-47;-29;-1068
3;-36;-1142
-26;1;-1095
-47;-11;-1128
-69;-2;-1089
-93;22;-1142
-36;-9;-1062
260;-355;-1121
11;-82;-1145
-56;72;-1137
-55;-7;-1086
-43;50;-1154
-35;-57;-1103
-73;19;-1156
-37;25;-1162
-12;21;-1081
-57;-40;-1064
-26;4;-1116
-35;-32;-1110
-1;-21;-1137
-52;19;-1111
-23;-19;-1124
-39;8;-1124
-37;-13;-1106
-32;-3;-1137
-39;-16;-1093
-37;-10;-1145
-38;-7;-1111
-30;-7;-1121
-41;-19;-1136
-39;-10;-1130
-35;-12;-1089
-41;-5;-1139
-36;-15;-1109
-46;-6;-1121
-34;-19;-1102
-36;-11;-1117
-34;-9;-1092
-31;-10;-1086
-33;-8;-1095
-48;-4;-1110
-38;-7;-1088
-40;-12;-1104
-38;-4;-1119
-36;-8;-1122
-39;-3;-1136
-40;-7;-1124
-39;-13;-1117
-32;-6;-1101
-41;-7;-1132
-39;-13;-1077
-35;-4;-1093
-42;-3;-1112
-35;-4;-1132
-36;-15;-1131
-39;-14;-1128
-38;-12;-1083
-40;0;-1121
-34;-10;-1098
-35;-15;-1108
-46;-6;-1115
-39;-9;-1120
-35;-16;-1108
-46;-14;-1140
-40;-2;-1079
-36;-5;-1094
-38;-3;-1098
-42;-12;-1081
-42;-12;-1142
-33;-14;-1110
-40;-20;-1143
-43;-8;-1092
-33;-6;-1095
-36;-6;-1099
-38;-12;-1125
-41;-6;-1133
-40;0;-1126
-34;-15;-1087
-42;-10;-1104
-40;-4;-1106
-36;-12;-1098
-37;-11;-1096
-30;-6;-1100
-34;-4;-1126
-40;-8;-1124
-38;-5;-1102
-40;-14;-1099
-41;-3;-1099
-80;33;-1066
-44;-54;-1152
-7;31;-1144
-46;-24;-1072
7;-186;-1386
-39;-7;-1273
-39;-31;-1092
-59;50;-1031
-25;-40;-1188
-61;-1;-1106
-33;-7;-1123
-63;-87;-1694
-62;144;-823
-42;105;-911
-23;51;-1163
-34;9;-1121
-38;46;-1062
-51;26;-1041
-32;-24;-1120
-28;-2;-1159
-40;-28;-1074
-42;-41;-1094
-42;5;-1080
-36;8;-1142
-47;0;-1090
-25;15;-1072
-35;12;-1111
-42;-22;-1134
-38;-15;-1110
-42;-18;-1096
-47;-11;-1127
-40;-5;-1098
-41;-5;-1126
-35;-13;-1108
-35;-15;-1112
-43;-16;-1142
-42;-11;-1121
-39;-4;-1072
-43;-1;-1099
-36;4;-1106
-39;-4;-1111
-40;-15;-1117
-32;-4;-1133
-36;-12;-1092
-49;-7;-1135
-41;-8;-1116
-42;-12;-1134
-44;-5;-1146
-42;-13;-1092
-40;-8;-1093
-41;-10;-1117
-37;-8;-1126
-34;0;-1134
-38;-11;-1127
-37;-16;-1124
-36;-15;-1107
-42;-4;-1112
-39;-6;-1103
-41;-6;-1137
-38;-7;-1142
-40;-12;-1105
-39;-6;-1110
-39;-14;-1081
-36;-4;-1130
-37;1;-1135
-47;-18;-1142
-40;-11;-1102
-38;-7;-1105
-28;-14;-1105
-36;-11;-1125
-34;-7;-1099
-32;-13;-1106
-49;-12;-1083
-36;-11;-1125
-43;-4;-1095
-38;-6;-1085
-39;-6;-1109
-32;-9;-1073
-38;-10;-1100
-34;0;-1117
-40;-13;-1127
-42;-14;-1090
-43;-14;-1094
-42;-11;-1098
-45;-10;-1101
-42;-10;-1143
-36;-8;-1129
-43;-7;-1108
-42;0;-1133
-41;-25;-1117
-35;-8;-1103
-37;-12;-1116
-35;-12;-1141
-40;-8;-1137
-45;-4;-1094
-36;-13;-1131
-34;-8;-1126
-43;-3;-1120
-35;-9;-1122
-22;-14;-1147
-36;-7;-1123
-31;21;-1141
-47;-68;-1019
-46;-60;-1085
-32;24;-1086
-36;-9;-1121
-45;1;-1143
-35;-12;-1108
-39;-8;-1134
-45;-8;-1110
-36;-5;-1100
-44;-5;-1123
-29;-3;-1125
-34;-11;-1109
-36;-10;-1078
-46;2;-1106
-25;-31;-1097
-50;5;-1125
-28;-24;-1068
-29;-16;-1127
-36;16;-1132
-84;-43;-1152
-37;6;-1102
-52;-10;-1090
-32;-6;-1115
-36;10;-1100
-46;-7;-1095
-35;-7;-1088
-36;-6;-1117
-33;-7;-1133
-26;-9;-1132
-37;-13;-1135
-31;-6;-1120
-39;-15;-1128
-26;-20;-1113
-65;-6;-1111
-23;2;-1082
-43;-9;-1126
-39;4;-1123
-33;-7;-1111
-51;0;-1133
-28;7;-1145
-41;-22;-1151
-49;-12;-1110
-38;-15;-1109
-42;-16;-1137
-34;-7;-1130
-28;-5;-1149
-43;-12;-1130
-39;-11;-1112
-37;-4;-1110
-36;-15;-1131
-42;-11;-1137
-43;-10;-1098
-39;-11;-1103
-32;-14;-1127
-38;-17;-1133
-32;-6;-1129
-38;-3;-1111
-40;-13;-1074
-30;-11;-1084
-46;-8;-1085
-44;-17;-1131
-33;-8;-1139
-52;-10;-1127
-33;-10;-1110
-50;-30;-1097
-41;-8;-1090
-36;10;-1098
-41;-14;-1132
-43;1;-1133
-43;-15;-1126
-27;-23;-1092
-41;-3;-1109
-36;-14;-1137
-36;-12;-1098
-32;-11;-1103
-31;-4;-1087
-40;-11;-1080
-39;-17;-1090
-45;5;-1106
-38;-10;-1086
-53;-16;-1089
-43;-16;-1104
-37;-3;-1093
-30;-10;-1091
-45;-7;-1085
-36;4;-1097
-49;-12;-1091
-31;-7;-1093
-46;-7;-1098
-36;-12;-1095
-36;-8;-1082
-46;-11;-1078
-34;-11;-1104
-46;-10;-1087
-40;-11;-1125
-39;-8;-1096
-39;-10;-1097
-51;0;-1121
-33;-19;-1126
-44;-8;-1118
-35;-10;-1095
-41;-3;-1090
-46;-8;-1101
-39;-13;-1094
-34;-7;-1079
-32;-11;-1102
-37;-8;-1092
-151;-19;-1204
-17;6;-1070
-51;-25;-1074
-37;-6;-1125
-39;-72;-1066
-49;21;-1166
-63;-20;-1129
-34;-5;-1109
-28;10;-1155
-62;-38;-1100
-43;-37;-1077
-40;-3;-1089
-44;-2;-1114
-37;2;-1085
-36;-4;-1093
-48;-13;-1100
-38;-6;-1097
-41;-14;-1090
-29;1;-1079
-27;-16;-1091
-182;-38;-1094
-72;28;-1113
-80;17;-1100
-54;-31;-1068
-27;3;-1086
-52;-8;-1073
-32;-16;-1086
-38;-8;-1079
-55;-15;-1082
-24;2;-1090
-37;5;-1096
-41;-9;-1093
-33;-8;-1127
-37;-7;-1126
-47;-6;-1139
-32;-12;-1091
-33;-13;-1096
-51;-12;-1108
-31;-7;-1095
-32;-5;-1124
-43;-4;-1129
-19;-55;-1138
-32;1;-1094
-12;-2;-1103
-43;-12;-1142
-31;-2;-1131
-91;49;-1134
-72;25;-1067
-48;-12;-1123
-36;-23;-1077
-31;-22;-1124
-36;4;-1118
-38;-10;-1128
-57;-13;-1086
-27;-19;-1130
-35;-3;-1126
-40;-10;-1121
-34;-10;-1131
-42;-6;-1123
-43;-4;-1132
-37;-4;-1131
-39;-8;-1123
-43;-10;-1101
-38;-17;-1096
-34;-16;-1123
-42;5;-1118
-34;-10;-1120
-38;-6;-1107
-33;-14;-1112
-41;-7;-1131
-60;-20;-1135
-32;-10;-1119
-40;-23;-1112
-33;-24;-1111
-44;-11;-1127
-39;3;-1133
-41;-8;-1116
-44;-19;-1103
-44;-10;-1092
-63;-2;-1123
-49;-8;-1077
-32;-12;-1138
-24;-11;-1110
-41;-7;-1143
-32;-6;-1134
-42;-2;-1118
-42;-22;-1105
-44;-10;-1115
-35;-8;-1121
-38;0;-1094
-24;-10;-1120
-27;-20;-1079
-41;-26;-1070
-46;-19;-1093
-20;-11;-1102
-48;0;-1125
-37;1;-1110
-43;-5;-1118
-32;-4;-1120
-30;-7;-1103
-32;-23;-1079
-46;-11;-1131
-33;3;-1121
-48;-27;-1065
-42;-3;-1072
-64;-11;-1088
-17;-15;-1115
-47;-7;-1093
-56;-14;-1105
-39;-21;-1119
-23;0;-1148
-52;1;-1165
-67;38;-1221
-18;92;-1123
-91;-56;-1112
-17;34;-1101
-28;7;-1104
-77;-4;-1083
-12;-14;-1136
-31;-15;-1114
-46;-2;-1079
-32;-15;-1092
-46;-1;-1123
-43;3;-1099
-88;63;-1128
-81;-11;-1068
-19;-32;-1077
77;-120;-1246
-56;16;-1076
15;2;-1160
-33;40;-1106
-65;-21;-1102
-27;83;-1245
-87;-55;-1073
-45;-2;-1081
-18;0;-1138
-38;-8;-1135
-43;4;-1103
-27;5;-1119
-43;-7;-1108
-46;-6;-1140
-30;-17;-1079
-40;-10;-1129
-48;1;-1101
-36;-1;-1083
-40;-7;-1097
-36;3;-1118
-37;4;-1101
-40;8;-1086
-31;-9;-1111
-44;0;-1115
-68;-35;-1071
-30;-11;-1080
13;-6;-1086
-157;-47;-1095
-42;8;-1131
-14;-12;-1100
-56;6;-1102
-44;-34;-1063
-22;-10;-1082
-44;1;-1088
-49;-29;-1091
-50;-37;-1125
-41;10;-1109
-33;-7;-1171
-24;-7;-1134
-56;-19;-1120
-14;-2;-1096
-43;-8;-1088
-49;-2;-1111
-24;0;-1132
-30;1;-1106
-41;0;-1130
-39;-7;-1129
-47;-19;-1127
-32;-5;-1131
-37;-11;-1104
-34;2;-1119
-37;-12;-1097
-50;-1;-1115
-32;-2;-1115
-45;-15;-1105
-36;-14;-1133
-39;1;-1087
-43;-12;-1091
-36;-4;-1137
-32;-5;-1125
-42;-11;-1107
-34;-13;-1092
-33;-5;-1113
-38;-6;-1088
-47;1;-1116
-25;-14;-1085
-46;-12;-1091
-45;-9;-1123
-42;-5;-1121
-41;-15;-1109
-45;-6;-1096
-49;-7;-1116
-39;-5;-1119
-40;-6;-1120
-37;-5;-1119
-39;-17;-1080
-33;-10;-1075
-38;-2;-1082
-37;-11;-1103
-31;-6;-1138
-36;-1;-1094
-41;-10;-1093
-41;-7;-1098
-36;-11;-1088
-39;-10;-1085
-38;-13;-1083
-42;-1;-1130
-38;-4;-1127
-35;-10;-1150
-41;-11;-1135
-46;-10;-1106
-34;-7;-1105
-37;1;-1085
-47;-11;-1132
-43;-7;-1099
-38;-5;-1087
-32;-4;-1083
-35;-7;-1127
-39;-11;-1100
-36;-7;-1106
-43;-6;-1099
-32;-7;-1124
-38;-8;-1083
-42;-5;-1140
-23;-5;-1119
-33;0;-1111
-55;0;-1112
-31;-14;-1142
-43;3;-1120
-42;-20;-1142
-32;-27;-1088
-50;-16;-1127
-47;-23;-1075
-20;7;-1095
-49;0;-1097
-37;3;-1108
-38;-1;-1126
-42;-14;-1125
-37;2;-1107
-41;-11;-1136
-39;-9;-1097
-35;-10;-1102
-41;-11;-1125
-39;-8;-1124
-35;-14;-1104
-41;-9;-1129
-44;-15;-1120
-36;-15;-1094
-38;-16;-1122
-36;-19;-1086
-40;-7;-1085
-32;-7;-1104
-40;-18;-1098
-44;-11;-1117
-43;-11;-1085
-38;-3;-1088
-46;-9;-1098
-31;-16;-1092
-38;-6;-1105
-34;-18;-1122
-41;-10;-1092
-38;-14;-1083
-34;-14;-1089
-32;-2;-1112
-39;-8;-1106
-36;-8;-1115
-36;-6;-1092
-36;-16;-1085
-35;-10;-1087
-46;-9;-1121
-34;-3;-1094
-37;-10;-1097
-40;-4;-1111
-37;-8;-1087
-38;-5;-1117
-42;-11;-1083
-41;-1;-1094
-41;-11;-1090
-46;-13;-1071
-39;-5;-1091
-39;-10;-1093
-38;-3;-1126
-36;-14;-1085
-39;-7;-1085
-37;-13;-1118
-38;-6;-1112
-34;-5;-1124
-38;-9;-1084
-37;-10;-1082
-38;-13;-1138
-38;-5;-1123
-41;-12;-1108
-37;-17;-1145
-38;-10;-1139
-36;-5;-1115
-35;3;-1097
-33;-12;-1102
-37;-10;-1097
-40;-6;-1130
-30;5;-1086
-39;-9;-1092
-36;-14;-1088
-27;-10;-1091
-44;3;-1080
-45;-12;-1124
-41;-7;-1119
-43;-4;-1089
-40;-12;-1088
-38;-19;-1097
-36;-6;-1099
-33;-11;-1103
-41;-12;-1121
-42;0;-1140
-46;-6;-1124
-34;-7;-1124
-35;-4;-1126
-39;-7;-1131
-44;-7;-1131
-41;-7;-1128
-41;-4;-1125
-37;-5;-1087
-35;-2;-1083
-39;-8;-1090
-40;-5;-1132
-37;-13;-1108
-35;-14;-1139
-36;-11;-1131
-38;-7;-1127
-35;-13;-1133
-31;-14;-1106
-34;-4;-1097
-39;-7;-1097
-38;-7;-1095
-47;-8;-1098
-41;-3;-1125
-34;-9;-1111
-35;-6;-1122
-38;-6;-1130
-38;-7;-1096
-37;-15;-1127
-40;-9;-1076
-40;-11;-1086
-34;-5;-1079
-39;-13;-1109
-36;-14;-1086
-43;-11;-1084
-39;-9;-1080
-41;-12;-1116
-39;-5;-1108
-36;-12;-1106
-41;-14;-1081
-43;-14;-1126
-40;-4;-1121
-37;-14;-1117
-37;-4;-1112
-40;-7;-1114
-39;-18;-1134
-31;2;-1106
-39;-4;-1124
-37;-21;-1113
-38;-7;-1103
-44;-10;-1129
-37;-12;-1095
-32;-7;-1083
-40;-7;-1107
-32;-6;-1085
-37;-3;-1109
-31;-3;-1132
-42;-7;-1092
-40;-14;-1115
-34;-2;-1096
-30;-5;-1116
-34;-8;-1124
-45;-10;-1133
-37;-6;-1069
-38;-3;-1127
-35;-16;-1099
-34;-4;-1089
-37;-15;-1079
-40;-8;-1089
-38;-14;-1087
-43;-14;-1115
-29;-11;-1124
-35;3;-1110
-37;-15;-1120
-46;-16;-1126
-34;-12;-1149
-36;-3;-1134
-43;-12;-1104
-39;-7;-1116
-39;-15;-1093
-35;-3;-1103
-37;-7;-1103
-37;-1;-1136
-25;-8;-1128
-44;-9;-1134
-42;-11;-1110
-39;-10;-1099
-31;9;-1099
-41;-9;-1083
-38;3;-1095
-34;-6;-1114
-45;-14;-1108
-34;-14;-1100
-31;-13;-1133
-39;-12;-1120
-39;1;-1111
-29;1;-1097
-34;-9;-1097
-38;-6;-1091
-36;-8;-1100
-38;0;-1084
-32;-1;-1080
-40;-7;-1090
-34;-12;-1117
-33;-9;-1132
-44;-8;-1130
-38;-6;-1096
-40;-10;-1097
-42;-2;-1119
-37;-7;-1124
-48;-1;-1093
-44;-7;-1092
-13;88;-1198
-51;-34;-1122
-22;-48;-1072
-58;3;-1081
-30;-1;-1098
-42;-10;-1114
-30;11;-1092
-42;2;-1136
-27;-20;-1115
-43;-6;-1132
-31;-12;-1086
-40;-19;-1117
-50;-2;-1125
-28;-6;-1110
-43;-16;-1122
-37;-7;-1122
-33;-4;-1131
-33;-18;-1076
-39;-12;-1115
-38;-11;-1137
-105;-122;-1077
-40;9;-1127
-29;-8;-1097
-41;-10;-1118
-33;-22;-1079
-37;-16;-1087
-38;-17;-1081
-43;-17;-1132
-36;-20;-1087
-40;-5;-1097
-40;-20;-1087
-33;-12;-1130
-42;-5;-1132
-35;-11;-1116
-41;-17;-1095
-37;-9;-1098
-34;-11;-1098
-36;-8;-1129
-43;-10;-1103
-41;-7;-1113
-36;-10;-1105
-112;8;-1359
-13;10;-1149
-32;-29;-1181
-31;26;-1055
-44;-41;-1158
-41;-5;-1065
-36;-14;-1058
-63;2;-1101
-29;-12;-1122
-34;-19;-1100
-47;-16;-1118
-41;-11;-1091
-40;-7;-1073
-33;-6;-1114
-39;-10;-1135
-42;-18;-1107
-53;0;-1133
-32;-8;-1095
-44;6;-1111
-37;-9;-1095
-53;1;-1090
-22;-7;-1112
-43;-10;-1109
-34;-3;-1114
-30;-1;-1124
-28;-15;-1115
-41;-2;-1091
-40;1;-1136
-37;-12;-1115
-32;-16;-1085
-37;-5;-1120
-26;-16;-1098
-48;-7;-1106
-36;-18;-1113
-36;-9;-1113
-43;-10;-1126
-45;-16;-1125
-33;-16;-1131
-47;-21;-1133
-28;-12;-1104
-41;-9;-1119
-41;-11;-1118
-50;-19;-1158
-38;-17;-1113
-30;-21;-1125
-28;-15;-1076
-51;-39;-1037
-24;19;-1095
-35;-16;-1085
-53;1;-1108
-30;-9;-1098
-41;-17;-1095
-47;-18;-1139
