-45;-19;-1116
-47;-31;-1118
-38;-18;-1110
-39;-26;-1110
-37;-20;-1113
-40;-12;-1085
-42;-11;-1091
-42;-22;-1070
-40;-14;-1089
-40;-16;-1104
-45;-23;-1101
-40;-4;-1088
-45;-17;-1126
-43;-15;-1114
-34;-15;-1106
-36;-19;-1129
-44;-14;-1099
-39;-22;-1098
-50;-10;-1125
-37;-17;-1106
-37;-20;-1120
-39;-11;-1082
-36;-21;-1093
-48;-25;-1092
-36;-23;-1116
-44;-17;-1126
-31;-20;-1090
-41;-15;-1119
-41;-21;-1123
-38;-14;-1118
-40;-18;-1130
-41;-12;-1101
-33;-17;-1096
-75;48;-1044
59;110;-1143
-38;167;-1150
-19;128;-1149
-53;-27;-959
-42;215;-1022
195;-56;-1119
319;-44;-1065
-89;-69;-996
-184;-124;-1051
92;33;-1144
223;130;-1167
73;-42;-1078
103;-72;-1183
185;59;-1151
265;33;-1106
-224;-112;-996
-310;-20;-1035
176;-139;-1077
347;-119;-980
-78;172;-1267
-120;53;-1164
173;12;-1117
-101;44;-1121
-83;-86;-1172
46;-52;-1079
233;-40;-1055
97;39;-1257
-182;-106;-1010
-125;71;-1139
283;78;-1157
206;-121;-1014
-178;63;-1039
27;-194;-1010
173;-66;-1022
-190;47;-1070
-118;-165;-1041
44;-10;-1066
169;142;-1213
-103;-24;-1083
-265;-248;-943
-128;-47;-1019
227;108;-1311
-170;-228;-908
-377;-47;-936
61;46;-1127
11;-91;-1143
-123;-47;-1073
-209;-69;-1037
142;-13;-1142
-3;128;-1225
-232;-56;-1081
146;-3;-1069
232;197;-1228
-75;-20;-1192
-99;-146;-998
-337;57;-1040
128;170;-1298
69;-69;-1158
-126;-135;-991
-63;-170;-869
-84;47;-1107
-57;82;-1157
-95;-133;-1059
-30;-30;-1032
71;108;-1152
-47;-23;-1172
-137;-99;-1017
-167;-67;-993
89;108;-1305
-120;0;-1202
-229;52;-1057
-51;-54;-1027
95;96;-1193
-15;-116;-1001
-59;-73;-1028
204;75;-1233
-36;189;-1221
-124;-15;-1197
-24;-129;-1029
-328;110;-1089
78;110;-1320
-168;-198;-1068
-190;112;-1174
52;-213;-878
-99;-84;-1028
-118;-151;-1116
-35;31;-969
178;174;-1215
-47;-135;-1078
-227;-76;-1099
-24;-154;-1062
-13;-2;-971
65;-235;-997
66;143;-1366
-42;-109;-1041
109;-41;-1025
98;75;-1116
-217;-104;-1008
83;-54;-1010
-30;-48;-998
-54;27;-1219
18;-92;-995
32;107;-1078
-71;41;-1198
-3;99;-1087
-134;15;-1109
141;-101;-1080
106;-178;-1065
-128;237;-1272
96;-49;-1096
-70;-88;-1021
29;176;-1194
14;-56;-1168
-107;-57;-930
105;-57;-1055
-57;3;-1328
-224;76;-1268
78;-144;-1090
84;6;-1024
-186;84;-1265
6;78;-1203
64;184;-1146
30;-113;-1019
25;-184;-1103
36;-99;-1080
49;-124;-1027
8;109;-1284
-17;119;-1280
-55;112;-1236
209;-70;-952
-313;-68;-1077
-191;-57;-1094
-184;-105;-1204
70;103;-1100
238;-154;-978
-162;-89;-1124
-86;-105;-1019
76;99;-1049
-51;-40;-1142
3;-90;-1104
125;-76;-1086
-86;30;-1325
-118;42;-1140
32;76;-1236
157;-56;-1035
112;-9;-1024
-38;68;-1151
-33;34;-1149
67;22;-1069
5;-36;-1016
-114;-66;-1184
-13;-33;-995
115;-112;-988
19;82;-1171
-68;-61;-1081
-112;173;-1245
60;-38;-1059
33;32;-1083
-205;-31;-1100
120;-49;-997
-51;32;-1030
327;-125;-967
46;-160;-1043
-187;-72;-1051
105;77;-1159
-67;21;-1292
-113;176;-1194
45;-17;-1007
-56;-226;-953
-98;-123;-1121
-101;148;-1168
40;-162;-1016
286;60;-1051
-157;145;-1244
-113;-52;-1157
211;-148;-1013
156;44;-1080
-242;-47;-1125
-128;-72;-1066
50;142;-1110
87;-157;-1129
-143;-181;-976
0;152;-1307
-110;59;-1125
74;-46;-1101
-280;-132;-1134
-307;209;-1247
105;-7;-1076
32;84;-1226
-95;147;-1164
9;-8;-920
124;-204;-1045
75;29;-1140
-229;84;-1151
-4;-101;-997
71;-195;-992
-56;-46;-1178
-108;-130;-1033
114;160;-1176
-18;90;-1115
-138;-59;-1164
-53;155;-1158
55;10;-1128
16;-100;-1150
24;-31;-1136
-149;69;-1139
8;-87;-1053
68;-47;-1082
-329;92;-1206
85;-93;-1090
215;30;-1058
116;50;-1033
-219;-130;-1151
-108;127;-1154
35;-19;-1060
90;-265;-968
-269;47;-1113
-239;-52;-1011
190;-92;-1165
113;12;-1139
-108;123;-1054
-142;96;-1256
-42;-120;-1057
163;109;-1032
233;-99;-1030
-54;120;-1274
-54;-67;-1014
-63;-107;-1098
-25;115;-1250
5;-69;-1035
-143;160;-1236
47;-121;-1135
-28;-126;-1027
-258;18;-1123
155;-113;-1026
-132;30;-1196
-143;71;-1264
212;-65;-1143
71;-185;-1013
-312;74;-1135
-79;-93;-1031
-16;116;-1242
-31;52;-1213
34;-38;-999
-200;73;-1102
9;20;-1115
249;-34;-1141
194;-80;-1117
-239;-80;-1023
117;-4;-1105
68;44;-1223
-235;98;-1296
-185;83;-1092
111;-48;-1113
-22;40;-1233
59;169;-1187
-330;-101;-1072
24;-135;-967
-33;156;-1132
66;111;-1038
-39;-100;-933
216;-72;-1148
112;-129;-1037
-123;100;-1048
-177;-122;-1145
49;-211;-1030
53;99;-1181
-46;-215;-1000
-87;-217;-1225
133;139;-1267
124;-90;-966
-112;-77;-1089
-97;20;-1083
148;5;-1190
-141;-14;-1049
-156;44;-996
-129;-92;-1208
42;43;-1176
140;176;-1347
148;124;-1190
-77;-47;-1065
-314;4;-1119
157;123;-1229
-47;30;-1032
-302;17;-1139
-19;-2;-1202
110;31;-1142
-21;-44;-1016
-57;-104;-1171
-319;-148;-1127
16;3;-1175
348;99;-1252
-64;-4;-1052
26;-52;-980
-382;-110;-1018
29;-33;-1143
-51;23;-1079
9;-65;-1022
-223;-3;-1094
-146;41;-1224
148;-221;-1015
-109;-28;-985
23;-168;-993
190;322;-1257
28;-62;-1031
-218;-318;-975
113;82;-1274
-42;-129;-1206
-32;-73;-1212
143;-72;-1074
197;24;-924
-34;90;-1029
-220;85;-1073
-66;65;-1155
118;-141;-1143
63;-70;-1044
-172;113;-1083
34;-68;-1164
133;123;-1203
-48;-161;-927
-242;-20;-1062
142;-15;-1167
94;-87;-1180
-187;-39;-1058
-182;-58;-966
31;58;-1199
-104;-12;-1078
-96;36;-1171
62;37;-1000
-93;102;-1119
166;-38;-1076
-108;-98;-948
-7;44;-1094
110;27;-1205
-75;-167;-1020
-8;-76;-1035
149;97;-1163
51;51;-1216
-165;41;-1061
-191;-31;-997
73;-80;-1142
167;31;-1103
-94;90;-1105
-78;-130;-893
26;-24;-1140
184;40;-1219
-241;-117;-1010
-44;-9;-1061
7;-12;-1273
-156;-74;-986
-227;74;-1087
217;-15;-1046
-9;84;-1265
-239;-49;-1098
-12;-13;-950
158;-63;-1014
-30;30;-1187
-103;-62;-1074
-103;-78;-1004
-143;-43;-1176
155;56;-1183
-297;-47;-1005
-104;-2;-1170
-92;42;-1192
-133;-34;-1025
-88;-204;-946
-16;88;-1245
-46;-55;-1079
-224;-58;-932
48;-92;-1158
-123;91;-1273
18;51;-1201
42;-120;-895
124;27;-1135
52;-41;-1225
-237;-46;-1012
-104;-71;-942
255;32;-1181
196;-65;-1103
-424;-33;-1098
208;-33;-1134
203;-14;-1041
-122;-69;-1218
-85;-86;-1162
-78;-63;-1026
-106;-6;-1109
-75;-103;-1151
-46;-7;-1081
-115;-82;-1075
288;-38;-1142
56;64;-1122
-371;-63;-1117
234;-60;-1164
-148;122;-1293
-26;-68;-1051
-181;-1;-989
309;-11;-1155
-229;-52;-1295
-347;125;-1401
201;-146;-1017
-21;-44;-1156
-172;-44;-1070
-95;54;-1110
207;-37;-1186
-107;16;-1101
-362;-44;-1064
151;8;-1147
317;-12;-1159
-10;-29;-1097
-377;99;-1115
260;-58;-1229
314;-2;-1021
-104;43;-1162
-103;-95;-1068
-13;-39;-1055
197;37;-1214
141;-68;-1180
-207;-33;-1000
152;-20;-1136
305;-120;-1130
-235;72;-1069
-446;34;-1233
263;33;-1229
173;132;-1147
-389;-3;-1160
-85;-54;-1056
-1;-17;-1084
106;91;-1193
-357;-111;-906
-270;-53;-1119
100;53;-1152
253;-84;-1113
-413;93;-1105
371;47;-1162
412;17;-1172
94;-42;-1075
-352;27;-1177
-52;-148;-1134
390;-219;-1003
-381;17;-1042
-359;-118;-973
-180;29;-1115
164;-88;-1133
81;-72;-1096
-314;88;-1114
-126;-106;-1042
455;-19;-1167
-586;50;-1059
-378;-24;-1149
452;-58;-1167
191;49;-1078
-405;57;-1145
31;-139;-1038
-39;110;-1211
5;48;-1206
-173;-44;-1057
-188;114;-1208
-141;-48;-1106
91;-38;-1002
-460;71;-1125
-374;52;-1095
304;102;-1299
31;57;-1158
-443;-69;-978
282;23;-1043
351;-81;-1225
4;131;-1101
-336;-101;-938
-162;48;-1265
266;-55;-1113
-292;40;-1080
-413;-89;-1056
-127;-99;-1134
329;0;-1197
154;33;-1197
-199;15;-1151
363;4;-1217
471;56;-1222
-105;-48;-961
-305;-29;-1071
164;38;-1093
459;-117;-1237
-405;-289;-894
-73;198;-1149
175;126;-1095
38;-102;-1043
-405;-157;-1022
-374;-88;-1089
257;-28;-1050
24;-99;-1016
-345;-48;-944
22;266;-1178
-291;-142;-902
58;-272;-981
-178;-9;-1017
197;16;-1110
266;98;-1411
-17;13;-1049
76;-84;-978
157;-31;-957
343;162;-1296
116;26;-1270
-312;52;-1155
-275;-10;-1037
-5;-140;-1082
71;-9;-1202
81;143;-1263
-262;203;-1232
303;-37;-1361
-182;-54;-1104
-55;-3;-1087
-41;-114;-1067
-19;-118;-995
7;-135;-1136
36;43;-1166
119;-77;-1115
-260;33;-1164
-139;-34;-1193
175;-10;-1102
-6;-6;-1195
-49;-86;-995
-112;15;-1062
61;5;-910
99;-178;-979
-265;-30;-1102
200;16;-1292
108;-15;-1078
16;19;-1104
85;141;-1215
-128;-167;-848
0;-166;-1041
79;-85;-1043
-104;86;-1105
-99;-111;-996
194;-84;-1049
-158;131;-1206
-190;25;-1172
-143;-175;-1017
78;95;-1136
70;-65;-1093
-19;-103;-987
-66;-14;-1078
117;-38;-1062
136;90;-1118
-164;55;-1133
-280;-201;-1076
152;115;-1251
22;24;-1170
-124;-192;-918
81;6;-1080
59;170;-1342
-83;-87;-1017
-59;40;-1162
-148;-42;-1176
-58;-112;-1124
-1;194;-1214
25;-181;-945
62;84;-1251
-24;150;-1231
-31;-46;-1102
18;-95;-1053
72;-41;-1076
-274;15;-1143
-52;-43;-1057
191;1;-1170
132;-36;-1156
-3;-34;-1104
-81;49;-1103
42;146;-1211
-168;55;-1173
-13;24;-1195
70;-78;-1064
-134;164;-1183
-29;41;-1245
189;-124;-1019
-96;-25;-1007
45;-13;-1169
-159;161;-1166
-107;-13;-1221
127;-73;-1042
59;-153;-922
-156;49;-1096
-85;-74;-1181
-43;-116;-1001
129;-6;-1151
-244;-87;-1089
14;-121;-1095
-11;-89;-1043
-120;74;-1182
128;140;-1308
30;-74;-1082
-210;122;-1129
-73;-102;-1013
103;-1;-1193
23;73;-1062
-137;83;-1179
59;3;-1201
70;-11;-1086
-166;132;-1163
56;77;-1099
65;-11;-1151
40;-229;-925
12;112;-1117
-110;236;-1233
78;-282;-900
82;-174;-1007
-141;33;-1162
-31;-51;-1145
122;-158;-937
-22;-151;-1034
-104;190;-1314
-38;-76;-1122
3;-26;-1033
-46;-43;-1010
-153;40;-1187
-113;73;-1243
235;-138;-999
44;5;-1033
-142;77;-1136
286;-121;-1066
2;-69;-1060
-180;-57;-946
-141;59;-1214
349;-75;-1115
142;139;-1209
-83;88;-1212
-108;13;-1193
111;-138;-1043
-4;-143;-857
-86;103;-1174
-28;-13;-1154
172;-19;-1074
189;-199;-962
-62;69;-1104
-65;247;-1351
253;-231;-1004
-68;-128;-945
-178;114;-1219
78;-53;-1133
58;-107;-1071
21;-80;-1017
-106;24;-1194
172;-94;-1057
0;20;-1025
-167;-92;-974
-229;109;-1143
314;34;-1163
-121;-179;-957
-152;76;-1130
-121;-29;-1079
130;125;-1304
42;-195;-956
-227;-6;-941
-82;51;-1212
30;-51;-1068
-114;21;-1041
-9;-161;-949
7;-73;-1113
-178;147;-1040
-113;-62;-999
-32;-3;-1165
146;-69;-1158
-37;-57;-1050
-169;-12;-983
42;121;-1248
118;-26;-1092
-91;-145;-969
-32;78;-1088
-38;-21;-1147
135;39;-1202
98;-74;-1014
-199;18;-1085
23;52;-1344
164;-124;-1122
-185;-114;-993
-57;76;-1161
48;172;-1190
-47;-205;-903
141;37;-1107
-24;82;-1177
-135;-42;-1117
101;-111;-950
-38;28;-1052
3;-81;-1068
186;-196;-1059
-156;-5;-1002
20;-13;-1079
64;69;-1216
-169;-7;-1189
-34;-8;-1089
25;11;-1085
-34;-104;-1076
-32;-26;-1138
34;119;-1189
-22;-108;-1066
-143;-45;-1131
75;-29;-1164
-124;-113;-1026
-138;-20;-1201
145;-1;-1200
-153;110;-1016
-112;-97;-968
40;-21;-1264
-27;96;-1151
-265;-105;-1016
-41;0;-1070
93;-165;-1173
-126;-5;-1151
-105;-59;-1026
119;-144;-1135
-125;-85;-1023
-90;-104;-1019
-144;-41;-1175
157;6;-1121
-21;139;-1274
-117;-37;-1166
-9;23;-1131
-20;-59;-1104
-180;-12;-1131
-61;60;-1219
21;37;-1112
-9;66;-1243
-82;-8;-1220
-121;63;-1050
46;-26;-1183
50;112;-1290
-211;44;-1154
-15;57;-1146
63;-22;-1193
-109;104;-1270
-90;47;-1135
18;-25;-1165
10;3;-1145
-106;-65;-978
16;-65;-1026
-152;-61;-1116
-103;38;-1224
-110;23;-1142
-33;7;-1210
88;28;-1079
-152;63;-1207
-318;-65;-1129
169;40;-1127
-129;-25;-1096
-158;-72;-1109
-108;35;-1135
147;28;-1210
-149;18;-1196
-269;-244;-852
49;169;-1086
-16;-152;-1020
111;-42;-1115
-234;7;-1169
-221;99;-1157
-218;-38;-1053
-35;-98;-1103
-249;-45;-989
-109;-135;-1014
353;-169;-1179
-325;143;-1170
-407;1;-1108
91;38;-1103
237;-1;-1065
-186;45;-1128
-179;48;-1186
162;47;-966
271;-88;-1061
-412;-61;-1095
-208;-29;-986
378;115;-1191
58;-105;-1068
-364;76;-1077
-144;46;-1140
133;-107;-1021
47;2;-1155
-86;-145;-1080
-179;24;-1125
247;174;-1138
101;-93;-1180
-263;-40;-1140
-29;89;-1070
165;-48;-999
146;-2;-1066
-243;38;-1091
-151;-171;-1014
322;29;-1162
65;2;-1003
-370;-107;-1065
-256;82;-1110
215;-133;-1160
-266;-95;-1042
-345;-6;-1015
-229;0;-1078
32;-8;-1068
82;-8;-1168
-181;41;-1128
-72;-87;-1024
172;15;-1137
-81;-48;-1118
-289;28;-1017
-191;72;-1034
234;-11;-1132
109;-74;-1135
-298;41;-1196
307;-231;-926
156;42;-1216
-118;-231;-1014
-37;-157;-959
69;-81;-1061
-46;-79;-1010
