-6;-7;2
-6;-5;-3
-7;-10;-4
-3;-2;-1
-2;2;-2
-6;-2;-6
-3;0;-2
-2;-6;-5
-3;-3;-4
-3;0;-2
-6;-10;0
-9;-11;1
-5;-10;0
-7;-11;-2
-3;-10;-2
-11;-10;-6
-8;-18;3
-4;-6;-2
0;0;-1
-2;-14;2
-11;0;-4
-11;0;-4
3;-8;-2
-7;-12;3
-9;-11;-3
-5;-8;-1
-4;-11;0
-9;-10;0
-4;-8;-3
-9;-11;-3
-5;-13;-4
-5;-6;-5
-5;3;1
-63;-11;118
11;24;2
12;36;-47
-72;-49;-13
-13;-33;-26
-11;45;-3
0;26;-18
79;134;1
93;-32;0
74;-46;-12
55;39;6
-150;110;-25
-7;19;-18
-10;94;-20
-119;93;13
-44;134;-36
108;-117;6
-32;-188;40
-124;175;-84
96;91;25
-82;-5;-12
-202;39;-33
-25;53;-35
-12;-21;-10
29;22;20
20;38;26
-80;74;-39
-73;22;18
105;-60;-11
39;31;19
-196;105;7
27;132;-103
-2;-53;10
-72;-41;42
-14;40;-29
13;-110;52
28;-37;9
22;-26;-2
-101;53;-28
149;-36;-42
136;-72;24
-13;-47;28
-102;66;-38
80;-138;33
105;-143;68
-57;97;-21
-16;54;8
-20;-67;11
-59;-39;32
-99;65;23
-45;18;-39
-26;-107;36
-61;102;-3
-55;80;-52
58;-93;11
171;-31;-34
58;-33;-50
-151;48;35
-5;73;-31
95;-46;9
16;-25;17
25;-25;-7
-102;-26;13
12;14;16
-13;48;-20
-103;3;8
-80;-32;-37
67;-45;18
64;30;28
-152;-64;20
-99;-104;-28
81;-34;18
18;11;22
-86;-20;35
76;12;-34
91;-55;69
-56;30;3
-84;-6;-65
-49;-34;40
77;-10;-4
40;23;22
-206;120;51
8;-72;-42
-9;-107;81
90;17;16
93;-110;54
17;-90;-30
20;-65;34
-33;52;-23
-9;-4;-66
116;-105;74
-31;28;-28
36;73;-31
40;67;37
119;-44;-2
2;-1;5
-4;12;-49
-83;-12;21
56;-26;31
77;49;-4
-83;14;-20
-110;-27;35
101;12;-20
44;-2;14
-89;4;31
97;1;-13
19;-41;17
41;-38;-36
32;18;-11
-116;-24;14
-39;28;-11
17;-29;28
-102;12;10
31;22;-17
156;-20;7
-126;-11;34
-93;-31;37
-124;27;-48
38;58;12
-18;-44;13
-44;-112;-11
-58;64;-13
0;28;-17
-2;17;-5
-114;28;8
151;46;-43
66;-8;73
-72;-23;10
-12;-43;1
20;-3;39
4;16;32
54;-143;-21
-10;9;-11
16;-17;4
53;70;39
-46;118;36
1;-75;-68
75;15;-34
-101;-30;42
37;-42;-28
25;-5;21
-24;0;-1
-55;-75;-27
24;-57;48
-37;49;-62
27;57;-7
75;-11;2
-3;47;-12
-89;40;-11
86;88;-44
-34;-67;41
-69;-4;38
-17;50;-15
-23;18;23
-39;-94;14
20;-50;-16
-49;3;2
-1;47;33
50;-13;-23
-25;-112;29
32;105;-31
104;0;60
-129;43;-6
-106;-38;-74
137;4;27
17;2;1
-24;-43;-1
60;-60;9
100;65;-35
-90;66;6
-10;-68;30
-53;-67;3
-69;41;4
36;147;6
-34;-192;31
-36;-22;-39
57;169;27
-43;36;-62
-28;-144;60
92;-27;-28
57;31;-10
-84;-14;62
-13;-21;-109
-216;-4;41
-63;26;-83
102;23;-20
48;-68;-21
-67;-143;53
-98;105;-15
49;-1;-47
-38;-116;43
59;35;-12
13;10;31
35;-22;-23
-18;-68;-30
-15;34;24
80;-41;32
7;-77;-37
-145;1;10
-7;7;45
75;-28;-6
-56;-47;25
33;-31;6
-22;22;59
-55;-6;45
-1;5;-19
-94;-24;29
27;-1;28
53;29;-60
-91;-79;26
28;118;7
71;86;13
-24;28;29
-91;-95;-34
87;-129;36
-185;45;4
99;33;17
60;-103;-32
-47;-65;17
26;122;-43
-26;-20;-19
27;-120;41
-63;-15;-50
49;64;47
-40;50;-50
-76;23;9
42;-76;-9
80;-8;13
87;33;-1
-229;16;78
83;-30;-41
87;-38;2
-97;115;44
52;-5;-51
104;-94;50
-42;82;7
60;-8;-5
-20;-14;20
-30;117;-30
174;33;-68
3;-95;75
51;22;-23
-13;-47;20
-19;1;18
-64;85;-30
34;-47;-14
-73;-179;-28
-13;-2;-13
-41;96;-48
-14;-74;45
129;33;0
-59;72;-38
18;-32;10
59;-105;-4
-21;40;40
-21;0;-50
40;-9;-22
85;-50;10
-23;-17;-47
-209;-35;116
129;-17;-99
30;-43;137
-117;97;-36
30;39;37
1;-151;22
-106;-50;4
117;17;-60
-144;32;75
50;-59;-98
33;63;6
-103;94;5
25;-54;10
9;-44;-4
-54;-35;-3
-97;71;-73
23;-83;-1
34;-163;17
-189;14;-116
33;109;-30
23;118;16
-34;-25;37
150;-135;20
-141;-93;8
17;36;-74
104;-37;-27
7;-176;39
-74;-26;-14
81;79;-23
49;-36;38
-159;-26;34
135;-81;-107
-91;54;-146
-26;89;90
117;-45;27
3;20;-44
29;-83;-96
-105;94;21
33;76;-15
75;-8;-29
-32;-87;33
26;-97;48
-10;-26;-85
28;-38;-141
-150;-70;-346
61;68;63
52;-96;126
-26;24;-89
112;117;33
-54;-35;-319
74;87;-361
-20;117;-523
-56;138;-119
100;-98;-27
-26;-67;63
36;40;-51
-57;44;-17
-1;22;-72
16;29;-65
-153;31;-28
39;43;-28
80;-112;-52
53;-62;-8
-85;96;-15
36;33;8
-60;-148;9
40;4;-17
-10;47;10
66;-68;12
-12;-28;23
15;-64;-12
-83;-33;10
26;9;-19
38;-42;22
19;-2;3
-103;110;12
27;-2;-74
17;-3;32
-18;115;3
-37;16;-2
-1;-119;-28
29;-62;62
62;66;42
55;73;-46
1;-40;45
39;-94;-59
42;97;21
-25;-1;-7
9;-134;-32
-4;9;-78
-29;45;-37
-20;-58;-61
45;-23;-14
-23;114;17
-141;11;-9
-58;-61;37
23;98;12
36;41;63
-89;-17;64
-1;-45;39
58;-42;-3
-34;-37;18
-30;29;-17
6;-83;53
-35;176;-12
-23;-67;-38
90;-58;-36
74;22;-8
-2;1;-2
-1;-91;-29
39;-16;6
-97;1;-46
29;-33;-43
-115;-10;27
-7;7;-54
89;68;30
-90;-86;20
-22;-127;-29
19;-54;34
15;160;-9
4;24;-1
-38;-232;-8
-12;211;-13
17;214;-45
-37;-140;25
-46;-61;42
-23;5;-1
-74;-84;48
41;-98;-37
42;-55;8
32;118;-30
17;125;-49
-57;-81;66
-14;-64;16
-1;199;7
-34;-165;39
56;50;5
24;125;23
-21;6;12
60;-207;-40
-51;-165;-22
59;96;-18
-115;14;-13
-35;-143;27
11;-61;2
-42;130;-37
-8;-209;8
3;-105;32
10;178;-41
-21;198;-12
-18;-96;-11
-52;-43;35
51;221;-5
20;142;-2
-91;-110;68
61;0;31
49;39;-17
-59;50;1
6;-11;-13
74;43;-20
-24;188;6
7;121;-41
30;-140;41
-101;-213;43
20;145;-37
-7;97;-46
-164;-206;24
69;-100;-13
-51;56;22
-153;78;-7
55;-181;-26
-16;-184;-4
5;-59;-33
24;197;-29
-10;-240;49
23;169;-50
42;271;-36
27;149;-64
8;-294;69
-80;-64;20
-21;140;-34
-10;-30;55
26;-151;14
30;-47;-14
-40;88;-3
-12;-51;-44
-43;-69;70
15;12;43
18;205;5
-26;-211;43
-31;-143;64
-25;222;-46
27;-15;-8
-48;-160;91
10;83;-60
-34;67;24
-60;44;-48
28;-164;-44
24;-75;42
-4;-23;-82
30;-97;20
9;-177;-27
15;-207;73
18;239;-103
-71;-144;0
34;-174;17
92;242;-59
-122;282;19
-45;18;-25
23;-192;91
-93;-78;3
7;154;-49
7;-163;90
-13;-229;53
-91;45;21
-40;171;-32
-105;75;-6
45;26;14
34;133;-22
-37;86;-29
52;-171;-16
11;30;7
32;198;9
-29;154;-66
-171;-201;42
-25;70;-45
42;189;-33
150;152;28
13;-280;-2
2;-42;25
-4;74;-14
11;-178;26
34;-229;29
469;-186;-86
3;-56;50
147;159;8
-95;118;-35
91;112;-26
26;-90;29
13;-61;-10
8;176;3
-105;221;-14
-283;45;-14
-139;-144;18
-170;-127;9
127;117;-1
99;231;27
-136;-11;-45
89;-179;63
119;-8;-50
-50;304;8
52;-133;-61
42;-128;-34
-81;1;9
15;52;-10
55;-39;-10
-15;-85;-6
59;-213;8
-102;-254;18
-62;133;-119
-2;117;28
-134;-74;28
78;-16;-48
-22;26;14
19;41;-8
-46;-67;-75
-141;-40;23
-10;168;-1
49;-58;20
93;-197;32
13;-56;-19
122;-111;38
-167;-22;19
39;90;-11
53;112;21
2;104;6
29;52;1
-6;-344;69
-138;-248;-25
11;5;-87
18;218;15
25;161;14
70;81;0
4;51;13
94;-16;14
2;-41;-2
53;-314;-4
40;-194;31
-177;201;-25
-2;91;-3
135;9;34
78;78;4
-134;-76;55
3;-115;37
-13;-132;97
57;-67;15
-10;155;-62
-38;109;12
142;-13;31
-46;-22;45
7;1;-30
-74;38;36
4;-5;34
-91;-4;-67
30;-131;65
80;57;44
-20;111;14
32;-71;58
-43;-30;3
-70;-67;-10
-60;-87;11
-59;-33;-41
38;41;-10
74;4;-6
-48;8;-25
-137;40;-2
106;62;-28
-6;-60;12
-148;-25;8
43;-30;-39
3;-7;64
-16;82;11
61;-11;5
38;-71;127
59;-40;-2
140;-46;67
20;-102;16
51;-149;28
-6;46;56
-71;-20;-32
-17;-28;10
-22;53;-34
0;-20;-33
-36;15;45
38;87;10
-82;-23;-21
-80;-71;56
-52;42;-33
-68;24;-8
8;-51;-6
-78;-54;-13
41;92;1
-110;85;-66
193;-11;19
68;-56;-6
56;-103;-6
71;2;-12
159;75;-19
-81;-65;-27
-41;-46;9
48;34;-19
-36;-110;52
-121;-84;33
16;37;-12
-11;59;16
-71;-16;58
7;-15;-43
-52;26;53
48;83;17
71;-54;-40
-55;-60;18
-6;148;13
52;-60;-13
-33;-135;28
-114;-81;-4
-14;81;-8
-2;66;-12
-75;-41;-41
-20;-4;-29
-9;83;-11
3;19;3
-25;-38;6
-43;-7;-22
15;19;7
84;11;23
-19;-108;14
-23;8;32
57;106;9
36;-75;-28
-80;-17;33
72;39;3
25;-48;9
-39;-10;40
-76;-34;-60
2;31;28
65;-5;15
-36;-58;-21
-65;-29;51
34;117;-37
18;-169;46
-32;-38;1
-96;44;-23
-27;34;52
78;-12;11
-17;-13;-19
-89;-12;16
40;-50;-2
-14;-52;-17
0;-20;51
-22;-30;3
33;-127;-26
13;-84;59
12;78;-28
-83;101;-29
-11;-31;11
49;-26;-48
-111;30;46
33;38;-17
98;13;7
-40;13;69
-45;-33;-9
-19;26;-5
77;-61;16
-14;-41;14
-104;66;-12
30;-11;5
0;-91;29
-4;-64;-21
-26;26;-55
77;30;13
-11;3;-52
-44;-94;-10
21;8;19
40;74;7
25;-16;41
-52;-56;-7
75;105;-27
-51;47;-10
93;-14;-9
-70;8;-4
-71;-78;27
-5;-58;27
-91;17;28
-16;-65;-42
73;-7;-57
-66;30;69
32;-74;-37
39;-60;19
41;80;-7
-16;-47;0
-19;-83;10
3;14;-4
12;17;-30
89;41;29
-43;18;-29
-55;-2;-58
5;-46;1
43;65;10
-48;95;-51
33;-80;8
4;-51;28
-47;90;-41
122;6;0
113;-15;-18
-33;-41;-26
-1;28;-56
-15;-55;52
-24;-102;28
97;41;-23
-20;-47;18
-65;-26;-10
40;50;12
-76;-9;47
-74;-71;-40
-80;-10;-30
3;26;13
19;47;11
-177;-13;2
-28;-127;35
16;74;-10
-52;95;0
-20;-120;36
32;-17;-16
36;16;5
-53;10;-33
11;-101;5
27;52;-51
2;34;-41
36;-53;-43
18;13;14
-90;69;-17
13;0;-12
-22;-21;63
-25;8;-4
34;64;-6
-60;-127;59
-22;-46;-4
88;-48;46
14;41;46
-60;-17;-37
-59;-64;23
139;18;37
106;-73;20
-3;-68;7
21;-139;7
-31;57;11
-22;-147;-16
10;-80;20
36;66;-9
121;92;30
20;20;18
-14;-128;-31
-87;-47;-10
23;117;-7
47;-95;4
-18;-114;-6
-158;-4;-14
-1;211;-41
-33;-153;61
-85;-194;-18
-39;166;8
-63;135;-33
-61;121;-19
0;-108;42
-8;-173;60
30;-12;-7
78;17;-27
-75;-71;-23
-11;27;12
87;141;27
12;53;-16
-14;-65;1
16;-51;-2
-27;9;35
76;57;-48
12;-98;8
-57;-71;46
-21;20;-6
-10;158;-76
-107;-197;66
-77;14;17
26;116;-12
13;-241;-20
-40;-51;39
-36;80;-9
-73;-135;49
-12;96;-62
-46;-101;29
-19;-23;26
111;171;7
-75;-20;21
-4;-77;-23
-20;70;-21
83;163;-5
39;4;-4
1;1;-14
144;93;29
98;106;-59
-131;-76;-10
-78;4;56
14;12;-33
-75;-29;-1
